GEO_ID,NAME,H1_001N,H1_002N,H1_003N
0500000US27001,"Aitkin County, Minnesota",13944,7199,6745
0500000US27003,"Anoka County, Minnesota",138017,133879,4138
0500000US27005,"Becker County, Minnesota",19620,14371,5249
0500000US27007,"Beltrami County, Minnesota",21271,17678,3593
0500000US27009,"Benton County, Minnesota",17315,16479,836
0500000US27011,"Big Stone County, Minnesota",2982,2224,758
0500000US27013,"Blue Earth County, Minnesota",29169,27193,1976
0500000US27015,"Brown County, Minnesota",11780,10970,810
0500000US27017,"Carlton County, Minnesota",15688,13789,1899
0500000US27019,"Carver County, Minnesota",40380,38863,1517
0500000US27021,"Cass County, Minnesota",23872,12614,11258
0500000US27023,"Chippewa County, Minnesota",5627,5150,477
0500000US27025,"Chisago County, Minnesota",22294,20900,1394
0500000US27027,"Clay County, Minnesota",26844,24931,1913
0500000US27029,"Clearwater County, Minnesota",4448,3487,961
0500000US27031,"Cook County, Minnesota",5936,2711,3225
0500000US27033,"Cottonwood County, Minnesota",5152,4671,481
0500000US27035,"Crow Wing County, Minnesota",41568,27872,13696
0500000US27037,"Dakota County, Minnesota",173469,168008,5461
0500000US27039,"Dodge County, Minnesota",8291,7903,388
0500000US27041,"Douglas County, Minnesota",21769,16557,5212
0500000US27043,"Faribault County, Minnesota",6916,6086,830
0500000US27045,"Fillmore County, Minnesota",9583,8605,978
0500000US27047,"Freeborn County, Minnesota",14114,13076,1038
0500000US27049,"Goodhue County, Minnesota",20864,19499,1365
0500000US27051,"Grant County, Minnesota",3155,2540,615
0500000US27053,"Hennepin County, Minnesota",555779,528547,27232
0500000US27055,"Houston County, Minnesota",8731,8013,718
0500000US27057,"Hubbard County, Minnesota",14705,8885,5820
0500000US27059,"Isanti County, Minnesota",16550,15615,935
0500000US27061,"Itasca County, Minnesota",25375,18968,6407
0500000US27063,"Jackson County, Minnesota",4891,4307,584
0500000US27065,"Kanabec County, Minnesota",7735,6530,1205
0500000US27067,"Kandiyohi County, Minnesota",19950,17079,2871
0500000US27069,"Kittson County, Minnesota",2272,1846,426
0500000US27071,"Koochiching County, Minnesota",7402,5604,1798
0500000US27073,"Lac qui Parle County, Minnesota",3471,2954,517
0500000US27075,"Lake County, Minnesota",7311,4869,2442
0500000US27077,"Lake of the Woods County, Minnesota",3391,1745,1646
0500000US27079,"Le Sueur County, Minnesota",12811,11287,1524
0500000US27081,"Lincoln County, Minnesota",3051,2452,599
0500000US27083,"Lyon County, Minnesota",11180,10137,1043
0500000US27085,"McLeod County, Minnesota",15820,15004,816
0500000US27087,"Mahnomen County, Minnesota",2550,2014,536
0500000US27089,"Marshall County, Minnesota",4416,3836,580
0500000US27091,"Martin County, Minnesota",9748,8748,1000
0500000US27093,"Meeker County, Minnesota",10576,9263,1313
0500000US27095,"Mille Lacs County, Minnesota",12786,10593,2193
0500000US27097,"Morrison County, Minnesota",16074,13688,2386
0500000US27099,"Mower County, Minnesota",16928,15700,1228
0500000US27101,"Murray County, Minnesota",4388,3581,807
0500000US27103,"Nicollet County, Minnesota",13371,12728,643
0500000US27105,"Nobles County, Minnesota",8394,7851,543
0500000US27107,"Norman County, Minnesota",3230,2733,497
0500000US27109,"Olmsted County, Minnesota",69270,65242,4028
0500000US27111,"Otter Tail County, Minnesota",36506,25123,11383
0500000US27113,"Pennington County, Minnesota",6639,6077,562
0500000US27115,"Pine County, Minnesota",16886,11442,5444
0500000US27117,"Pipestone County, Minnesota",4337,3948,389
0500000US27119,"Polk County, Minnesota",14623,12534,2089
0500000US27121,"Pope County, Minnesota",6367,4862,1505
0500000US27123,"Ramsey County, Minnesota",228546,218077,10469
0500000US27125,"Red Lake County, Minnesota",1876,1653,223
0500000US27127,"Redwood County, Minnesota",7086,6318,768
0500000US27129,"Renville County, Minnesota",6913,6153,760
0500000US27131,"Rice County, Minnesota",25018,23416,1602
0500000US27133,"Rock County, Minnesota",4222,3892,330
0500000US27135,"Roseau County, Minnesota",7137,6340,797
0500000US27137,"St. Louis County, Minnesota",103681,86540,17141
0500000US27139,"Scott County, Minnesota",54658,52645,2013
0500000US27141,"Sherburne County, Minnesota",35909,34035,1874
0500000US27143,"Sibley County, Minnesota",6454,5989,465
0500000US27145,"Stearns County, Minnesota",65684,60448,5236
0500000US27147,"Steele County, Minnesota",15691,14823,868
0500000US27149,"Stevens County, Minnesota",4213,3697,516
0500000US27151,"Swift County, Minnesota",4693,4064,629
0500000US27153,"Todd County, Minnesota",12770,9898,2872
0500000US27155,"Traverse County, Minnesota",1877,1439,438
0500000US27157,"Wabasha County, Minnesota",10158,8923,1235
0500000US27159,"Wadena County, Minnesota",6939,5815,1124
0500000US27161,"Waseca County, Minnesota",7895,7387,508
0500000US27163,"Washington County, Minnesota",104014,99507,4507
0500000US27165,"Watonwan County, Minnesota",4874,4476,398
0500000US27167,"Wilkin County, Minnesota",2972,2735,237
0500000US27169,"Winona County, Minnesota",21716,20111,1605
0500000US27171,"Wright County, Minnesota",54467,50509,3958
0500000US27173,"Yellow Medicine County, Minnesota",4513,4040,473
1400000US27001770100,"Census Tract 7701, Aitkin County, Minnesota",2446,1041,1405
1400000US27001770200,"Census Tract 7702, Aitkin County, Minnesota",1988,1027,961
1400000US27001770300,"Census Tract 7703, Aitkin County, Minnesota",1723,1424,299
1400000US27001770401,"Census Tract 7704.01, Aitkin County, Minnesota",1692,618,1074
1400000US27001770402,"Census Tract 7704.02, Aitkin County, Minnesota",1227,692,535
1400000US27001790501,"Census Tract 7905.01, Aitkin County, Minnesota",1965,907,1058
1400000US27001790503,"Census Tract 7905.03, Aitkin County, Minnesota",1798,856,942
1400000US27001790504,"Census Tract 7905.04, Aitkin County, Minnesota",1105,634,471
1400000US27003050107,"Census Tract 501.07, Anoka County, Minnesota",1140,1102,38
1400000US27003050108,"Census Tract 501.08, Anoka County, Minnesota",2013,1961,52
1400000US27003050109,"Census Tract 501.09, Anoka County, Minnesota",1991,1933,58
1400000US27003050110,"Census Tract 501.10, Anoka County, Minnesota",1003,989,14
1400000US27003050111,"Census Tract 501.11, Anoka County, Minnesota",1430,1340,90
1400000US27003050114,"Census Tract 501.14, Anoka County, Minnesota",1101,1066,35
1400000US27003050115,"Census Tract 501.15, Anoka County, Minnesota",2063,2012,51
1400000US27003050116,"Census Tract 501.16, Anoka County, Minnesota",1556,1510,46
1400000US27003050208,"Census Tract 502.08, Anoka County, Minnesota",1121,1105,16
1400000US27003050210,"Census Tract 502.10, Anoka County, Minnesota",1594,1553,41
1400000US27003050215,"Census Tract 502.15, Anoka County, Minnesota",1559,1529,30
1400000US27003050216,"Census Tract 502.16, Anoka County, Minnesota",1961,1934,27
1400000US27003050217,"Census Tract 502.17, Anoka County, Minnesota",1128,1095,33
1400000US27003050218,"Census Tract 502.18, Anoka County, Minnesota",1150,1121,29
1400000US27003050219,"Census Tract 502.19, Anoka County, Minnesota",1047,1034,13
1400000US27003050220,"Census Tract 502.20, Anoka County, Minnesota",2361,2304,57
1400000US27003050222,"Census Tract 502.22, Anoka County, Minnesota",1814,1777,37
1400000US27003050223,"Census Tract 502.23, Anoka County, Minnesota",1032,996,36
1400000US27003050224,"Census Tract 502.24, Anoka County, Minnesota",1309,1296,13
1400000US27003050226,"Census Tract 502.26, Anoka County, Minnesota",1173,1127,46
1400000US27003050227,"Census Tract 502.27, Anoka County, Minnesota",1572,1552,20
1400000US27003050228,"Census Tract 502.28, Anoka County, Minnesota",2724,2528,196
1400000US27003050229,"Census Tract 502.29, Anoka County, Minnesota",1531,1516,15
1400000US27003050230,"Census Tract 502.30, Anoka County, Minnesota",925,892,33
1400000US27003050232,"Census Tract 502.32, Anoka County, Minnesota",1429,1411,18
1400000US27003050233,"Census Tract 502.33, Anoka County, Minnesota",1136,1080,56
1400000US27003050234,"Census Tract 502.34, Anoka County, Minnesota",1188,1162,26
1400000US27003050235,"Census Tract 502.35, Anoka County, Minnesota",1142,1093,49
1400000US27003050236,"Census Tract 502.36, Anoka County, Minnesota",1448,1427,21
1400000US27003050237,"Census Tract 502.37, Anoka County, Minnesota",2095,2042,53
1400000US27003050238,"Census Tract 502.38, Anoka County, Minnesota",1459,1443,16
1400000US27003050239,"Census Tract 502.39, Anoka County, Minnesota",925,903,22
1400000US27003050240,"Census Tract 502.40, Anoka County, Minnesota",1132,1108,24
1400000US27003050241,"Census Tract 502.41, Anoka County, Minnesota",1005,984,21
1400000US27003050401,"Census Tract 504.01, Anoka County, Minnesota",1233,1199,34
1400000US27003050402,"Census Tract 504.02, Anoka County, Minnesota",1728,1656,72
1400000US27003050501,"Census Tract 505.01, Anoka County, Minnesota",1612,1538,74
1400000US27003050504,"Census Tract 505.04, Anoka County, Minnesota",1136,1108,28
1400000US27003050505,"Census Tract 505.05, Anoka County, Minnesota",2128,2077,51
1400000US27003050602,"Census Tract 506.02, Anoka County, Minnesota",911,887,24
1400000US27003050605,"Census Tract 506.05, Anoka County, Minnesota",2347,2282,65
1400000US27003050606,"Census Tract 506.06, Anoka County, Minnesota",874,854,20
1400000US27003050607,"Census Tract 506.07, Anoka County, Minnesota",1838,1802,36
1400000US27003050608,"Census Tract 506.08, Anoka County, Minnesota",2124,2061,63
1400000US27003050609,"Census Tract 506.09, Anoka County, Minnesota",1598,1583,15
1400000US27003050611,"Census Tract 506.11, Anoka County, Minnesota",1575,1528,47
1400000US27003050612,"Census Tract 506.12, Anoka County, Minnesota",1064,1045,19
1400000US27003050702,"Census Tract 507.02, Anoka County, Minnesota",1239,1208,31
1400000US27003050704,"Census Tract 507.04, Anoka County, Minnesota",1850,1809,41
1400000US27003050706,"Census Tract 507.06, Anoka County, Minnesota",1331,1291,40
1400000US27003050707,"Census Tract 507.07, Anoka County, Minnesota",2177,2148,29
1400000US27003050709,"Census Tract 507.09, Anoka County, Minnesota",1100,1064,36
1400000US27003050710,"Census Tract 507.10, Anoka County, Minnesota",1470,1416,54
1400000US27003050711,"Census Tract 507.11, Anoka County, Minnesota",1840,1801,39
1400000US27003050712,"Census Tract 507.12, Anoka County, Minnesota",1806,1739,67
1400000US27003050807,"Census Tract 508.07, Anoka County, Minnesota",1590,1522,68
1400000US27003050808,"Census Tract 508.08, Anoka County, Minnesota",872,861,11
1400000US27003050810,"Census Tract 508.10, Anoka County, Minnesota",2087,2037,50
1400000US27003050811,"Census Tract 508.11, Anoka County, Minnesota",1218,1184,34
1400000US27003050816,"Census Tract 508.16, Anoka County, Minnesota",2294,2227,67
1400000US27003050818,"Census Tract 508.18, Anoka County, Minnesota",2724,2636,88
1400000US27003050819,"Census Tract 508.19, Anoka County, Minnesota",1876,1808,68
1400000US27003050820,"Census Tract 508.20, Anoka County, Minnesota",1149,1137,12
1400000US27003050821,"Census Tract 508.21, Anoka County, Minnesota",1957,1906,51
1400000US27003050822,"Census Tract 508.22, Anoka County, Minnesota",1006,997,9
1400000US27003050823,"Census Tract 508.23, Anoka County, Minnesota",1501,1477,24
1400000US27003050824,"Census Tract 508.24, Anoka County, Minnesota",1659,1582,77
1400000US27003050825,"Census Tract 508.25, Anoka County, Minnesota",1030,1019,11
1400000US27003050826,"Census Tract 508.26, Anoka County, Minnesota",1497,1474,23
1400000US27003050827,"Census Tract 508.27, Anoka County, Minnesota",839,826,13
1400000US27003050828,"Census Tract 508.28, Anoka County, Minnesota",1314,1275,39
1400000US27003050829,"Census Tract 508.29, Anoka County, Minnesota",1217,1204,13
1400000US27003050901,"Census Tract 509.01, Anoka County, Minnesota",1038,916,122
1400000US27003050902,"Census Tract 509.02, Anoka County, Minnesota",2077,2037,40
1400000US27003051001,"Census Tract 510.01, Anoka County, Minnesota",1357,1336,21
1400000US27003051002,"Census Tract 510.02, Anoka County, Minnesota",1589,1541,48
1400000US27003051101,"Census Tract 511.01, Anoka County, Minnesota",2212,2130,82
1400000US27003051102,"Census Tract 511.02, Anoka County, Minnesota",1744,1694,50
1400000US27003051103,"Census Tract 511.03, Anoka County, Minnesota",1303,1262,41
1400000US27003051201,"Census Tract 512.01, Anoka County, Minnesota",1750,1691,59
1400000US27003051202,"Census Tract 512.02, Anoka County, Minnesota",1635,1542,93
1400000US27003051203,"Census Tract 512.03, Anoka County, Minnesota",2408,2314,94
1400000US27003051206,"Census Tract 512.06, Anoka County, Minnesota",1103,1062,41
1400000US27003051302,"Census Tract 513.02, Anoka County, Minnesota",1898,1771,127
1400000US27003051304,"Census Tract 513.04, Anoka County, Minnesota",1051,1005,46
1400000US27003051305,"Census Tract 513.05, Anoka County, Minnesota",1385,1324,61
1400000US27003051400,"Census Tract 514, Anoka County, Minnesota",2382,2294,88
1400000US27003051501,"Census Tract 515.01, Anoka County, Minnesota",1462,1378,84
1400000US27003051502,"Census Tract 515.02, Anoka County, Minnesota",1462,1396,66
1400000US27003051600,"Census Tract 516, Anoka County, Minnesota",2093,1993,100
1400000US27005450100,"Census Tract 4501, Becker County, Minnesota",1628,1156,472
1400000US27005450200,"Census Tract 4502, Becker County, Minnesota",1381,884,497
1400000US27005450300,"Census Tract 4503, Becker County, Minnesota",2480,2068,412
1400000US27005450400,"Census Tract 4504, Becker County, Minnesota",1444,1085,359
1400000US27005450500,"Census Tract 4505, Becker County, Minnesota",2266,2141,125
1400000US27005450600,"Census Tract 4506, Becker County, Minnesota",1997,1659,338
1400000US27005450700,"Census Tract 4507, Becker County, Minnesota",2185,1343,842
1400000US27005450800,"Census Tract 4508, Becker County, Minnesota",1438,998,440
1400000US27005450900,"Census Tract 4509, Becker County, Minnesota",2459,1516,943
1400000US27005940000,"Census Tract 9400, Becker County, Minnesota",2342,1521,821
1400000US27007450101,"Census Tract 4501.01, Beltrami County, Minnesota",954,871,83
1400000US27007450102,"Census Tract 4501.02, Beltrami County, Minnesota",2050,1800,250
1400000US27007450201,"Census Tract 4502.01, Beltrami County, Minnesota",672,577,95
1400000US27007450202,"Census Tract 4502.02, Beltrami County, Minnesota",2732,2337,395
1400000US27007450300,"Census Tract 4503, Beltrami County, Minnesota",2521,1868,653
1400000US27007450400,"Census Tract 4504, Beltrami County, Minnesota",1568,1203,365
1400000US27007450500,"Census Tract 4505, Beltrami County, Minnesota",1268,711,557
1400000US27007450600,"Census Tract 4506, Beltrami County, Minnesota",1874,1675,199
1400000US27007450703,"Census Tract 4507.03, Beltrami County, Minnesota",1030,971,59
1400000US27007450704,"Census Tract 4507.04, Beltrami County, Minnesota",1762,1638,124
1400000US27007450705,"Census Tract 4507.05, Beltrami County, Minnesota",848,779,69
1400000US27007450706,"Census Tract 4507.06, Beltrami County, Minnesota",1031,961,70
1400000US27007940001,"Census Tract 9400.01, Beltrami County, Minnesota",1617,1499,118
1400000US27007940002,"Census Tract 9400.02, Beltrami County, Minnesota",1344,788,556
1400000US27009020100,"Census Tract 201, Benton County, Minnesota",2312,2190,122
1400000US27009020202,"Census Tract 202.02, Benton County, Minnesota",1055,1019,36
1400000US27009020203,"Census Tract 202.03, Benton County, Minnesota",1099,1056,43
1400000US27009020205,"Census Tract 202.05, Benton County, Minnesota",1398,1267,131
1400000US27009020206,"Census Tract 202.06, Benton County, Minnesota",1256,1200,56
1400000US27009020300,"Census Tract 203, Benton County, Minnesota",1448,1409,39
1400000US27009021102,"Census Tract 211.02, Benton County, Minnesota",2067,1981,86
1400000US27009021103,"Census Tract 211.03, Benton County, Minnesota",1596,1521,75
1400000US27009021104,"Census Tract 211.04, Benton County, Minnesota",1796,1757,39
1400000US27009021201,"Census Tract 212.01, Benton County, Minnesota",3288,3079,209
1400000US27011950100,"Census Tract 9501, Big Stone County, Minnesota",753,588,165
1400000US27011950200,"Census Tract 9502, Big Stone County, Minnesota",1127,702,425
1400000US27011950300,"Census Tract 9503, Big Stone County, Minnesota",1102,934,168
1400000US27013170100,"Census Tract 1701, Blue Earth County, Minnesota",2360,2094,266
1400000US27013170200,"Census Tract 1702, Blue Earth County, Minnesota",3298,3172,126
1400000US27013170300,"Census Tract 1703, Blue Earth County, Minnesota",1367,1277,90
1400000US27013170400,"Census Tract 1704, Blue Earth County, Minnesota",2168,2050,118
1400000US27013170500,"Census Tract 1705, Blue Earth County, Minnesota",2195,2015,180
1400000US27013170600,"Census Tract 1706, Blue Earth County, Minnesota",1117,1039,78
1400000US27013170700,"Census Tract 1707, Blue Earth County, Minnesota",1308,1172,136
1400000US27013170800,"Census Tract 1708, Blue Earth County, Minnesota",2016,1934,82
1400000US27013170900,"Census Tract 1709, Blue Earth County, Minnesota",1295,1224,71
1400000US27013171000,"Census Tract 1710, Blue Earth County, Minnesota",1455,1367,88
1400000US27013171101,"Census Tract 1711.01, Blue Earth County, Minnesota",1802,1682,120
1400000US27013171202,"Census Tract 1712.02, Blue Earth County, Minnesota",3206,2897,309
1400000US27013171300,"Census Tract 1713, Blue Earth County, Minnesota",1477,1434,43
1400000US27013171400,"Census Tract 1714, Blue Earth County, Minnesota",1446,1342,104
1400000US27013171500,"Census Tract 1715, Blue Earth County, Minnesota",1190,1088,102
1400000US27013171600,"Census Tract 1716, Blue Earth County, Minnesota",1469,1406,63
1400000US27015960101,"Census Tract 9601.01, Brown County, Minnesota",1027,942,85
1400000US27015960102,"Census Tract 9601.02, Brown County, Minnesota",624,587,37
1400000US27015960200,"Census Tract 9602, Brown County, Minnesota",1705,1610,95
1400000US27015960300,"Census Tract 9603, Brown County, Minnesota",1507,1446,61
1400000US27015960400,"Census Tract 9604, Brown County, Minnesota",2276,2126,150
1400000US27015960500,"Census Tract 9605, Brown County, Minnesota",1688,1549,139
1400000US27015960600,"Census Tract 9606, Brown County, Minnesota",1436,1313,123
1400000US27015960700,"Census Tract 9607, Brown County, Minnesota",1517,1397,120
1400000US27017070100,"Census Tract 701, Carlton County, Minnesota",2300,2169,131
1400000US27017070200,"Census Tract 702, Carlton County, Minnesota",1852,1758,94
1400000US27017070300,"Census Tract 703, Carlton County, Minnesota",2078,2023,55
1400000US27017070401,"Census Tract 704.01, Carlton County, Minnesota",1569,1488,81
1400000US27017070402,"Census Tract 704.02, Carlton County, Minnesota",1959,1688,271
1400000US27017070501,"Census Tract 705.01, Carlton County, Minnesota",1084,937,147
1400000US27017070502,"Census Tract 705.02, Carlton County, Minnesota",1520,1232,288
1400000US27017070600,"Census Tract 706, Carlton County, Minnesota",2038,1379,659
1400000US27017940000,"Census Tract 9400, Carlton County, Minnesota",1288,1115,173
1400000US27019090101,"Census Tract 901.01, Carver County, Minnesota",1077,1055,22
1400000US27019090102,"Census Tract 901.02, Carver County, Minnesota",1245,1189,56
1400000US27019090200,"Census Tract 902, Carver County, Minnesota",1710,1641,69
1400000US27019090302,"Census Tract 903.02, Carver County, Minnesota",2143,2098,45
1400000US27019090303,"Census Tract 903.03, Carver County, Minnesota",1709,1619,90
1400000US27019090304,"Census Tract 903.04, Carver County, Minnesota",1150,1104,46
1400000US27019090401,"Census Tract 904.01, Carver County, Minnesota",2443,2325,118
1400000US27019090402,"Census Tract 904.02, Carver County, Minnesota",2438,2311,127
1400000US27019090501,"Census Tract 905.01, Carver County, Minnesota",918,882,36
1400000US27019090502,"Census Tract 905.02, Carver County, Minnesota",1093,1072,21
1400000US27019090503,"Census Tract 905.03, Carver County, Minnesota",955,934,21
1400000US27019090601,"Census Tract 906.01, Carver County, Minnesota",1814,1724,90
1400000US27019090602,"Census Tract 906.02, Carver County, Minnesota",1029,1001,28
1400000US27019090702,"Census Tract 907.02, Carver County, Minnesota",1279,1230,49
1400000US27019090703,"Census Tract 907.03, Carver County, Minnesota",1908,1851,57
1400000US27019090704,"Census Tract 907.04, Carver County, Minnesota",1025,951,74
1400000US27019090801,"Census Tract 908.01, Carver County, Minnesota",3156,3048,108
1400000US27019090802,"Census Tract 908.02, Carver County, Minnesota",802,770,32
1400000US27019090901,"Census Tract 909.01, Carver County, Minnesota",1164,1133,31
1400000US27019090902,"Census Tract 909.02, Carver County, Minnesota",835,812,23
1400000US27019091001,"Census Tract 910.01, Carver County, Minnesota",2194,2118,76
1400000US27019091002,"Census Tract 910.02, Carver County, Minnesota",2373,2304,69
1400000US27019091100,"Census Tract 911, Carver County, Minnesota",2582,2497,85
1400000US27019091201,"Census Tract 912.01, Carver County, Minnesota",2136,2031,105
1400000US27019091202,"Census Tract 912.02, Carver County, Minnesota",1202,1163,39
1400000US27021940001,"Census Tract 9400.01, Cass County, Minnesota",3320,1838,1482
1400000US27021940002,"Census Tract 9400.02, Cass County, Minnesota",1608,1080,528
1400000US27021960100,"Census Tract 9601, Cass County, Minnesota",1857,900,957
1400000US27021960200,"Census Tract 9602, Cass County, Minnesota",3567,1131,2436
1400000US27021960301,"Census Tract 9603.01, Cass County, Minnesota",1797,529,1268
1400000US27021960302,"Census Tract 9603.02, Cass County, Minnesota",1901,626,1275
1400000US27021960600,"Census Tract 9606, Cass County, Minnesota",2429,1370,1059
1400000US27021960700,"Census Tract 9607, Cass County, Minnesota",2290,1849,441
1400000US27021960801,"Census Tract 9608.01, Cass County, Minnesota",2186,1436,750
1400000US27021960803,"Census Tract 9608.03, Cass County, Minnesota",1024,843,181
1400000US27021960804,"Census Tract 9608.04, Cass County, Minnesota",1893,1012,881
1400000US27023950300,"Census Tract 9503, Chippewa County, Minnesota",990,900,90
1400000US27023950400,"Census Tract 9504, Chippewa County, Minnesota",952,892,60
1400000US27023950500,"Census Tract 9505, Chippewa County, Minnesota",989,872,117
1400000US27023950601,"Census Tract 9506.01, Chippewa County, Minnesota",1374,1251,123
1400000US27023950602,"Census Tract 9506.02, Chippewa County, Minnesota",1322,1235,87
1400000US27025110100,"Census Tract 1101, Chisago County, Minnesota",1941,1569,372
1400000US27025110201,"Census Tract 1102.01, Chisago County, Minnesota",787,722,65
1400000US27025110202,"Census Tract 1102.02, Chisago County, Minnesota",1726,1650,76
1400000US27025110301,"Census Tract 1103.01, Chisago County, Minnesota",1615,1558,57
1400000US27025110302,"Census Tract 1103.02, Chisago County, Minnesota",2475,2374,101
1400000US27025110402,"Census Tract 1104.02, Chisago County, Minnesota",1749,1711,38
1400000US27025110403,"Census Tract 1104.03, Chisago County, Minnesota",1766,1728,38
1400000US27025110404,"Census Tract 1104.04, Chisago County, Minnesota",1698,1646,52
1400000US27025110501,"Census Tract 1105.01, Chisago County, Minnesota",1915,1738,177
1400000US27025110503,"Census Tract 1105.03, Chisago County, Minnesota",1912,1737,175
1400000US27025110504,"Census Tract 1105.04, Chisago County, Minnesota",1099,1001,98
1400000US27025110600,"Census Tract 1106, Chisago County, Minnesota",1914,1853,61
1400000US27025110700,"Census Tract 1107, Chisago County, Minnesota",1697,1613,84
1400000US27027020300,"Census Tract 203, Clay County, Minnesota",1533,1359,174
1400000US27027020400,"Census Tract 204, Clay County, Minnesota",917,753,164
1400000US27027020500,"Census Tract 205, Clay County, Minnesota",2229,2099,130
1400000US27027020600,"Census Tract 206, Clay County, Minnesota",2098,1925,173
1400000US27027020700,"Census Tract 207, Clay County, Minnesota",1358,1300,58
1400000US27027030106,"Census Tract 301.06, Clay County, Minnesota",794,756,38
1400000US27027030107,"Census Tract 301.07, Clay County, Minnesota",695,640,55
1400000US27027030108,"Census Tract 301.08, Clay County, Minnesota",2434,2260,174
1400000US27027030109,"Census Tract 301.09, Clay County, Minnesota",1550,1463,87
1400000US27027030110,"Census Tract 301.10, Clay County, Minnesota",1997,1907,90
1400000US27027030111,"Census Tract 301.11, Clay County, Minnesota",1897,1765,132
1400000US27027030112,"Census Tract 301.12, Clay County, Minnesota",1963,1849,114
1400000US27027030201,"Census Tract 302.01, Clay County, Minnesota",2395,2227,168
1400000US27027030202,"Census Tract 302.02, Clay County, Minnesota",2109,1912,197
1400000US27027030300,"Census Tract 303, Clay County, Minnesota",1806,1680,126
1400000US27027030400,"Census Tract 304, Clay County, Minnesota",1069,1036,33
1400000US27029000100,"Census Tract 1, Clearwater County, Minnesota",1216,1090,126
1400000US27029000200,"Census Tract 2, Clearwater County, Minnesota",1561,1115,446
1400000US27029000300,"Census Tract 3, Clearwater County, Minnesota",1671,1282,389
1400000US27031480101,"Census Tract 4801.01, Cook County, Minnesota",1728,713,1015
1400000US27031480102,"Census Tract 4801.02, Cook County, Minnesota",2752,956,1796
1400000US27031480200,"Census Tract 4802, Cook County, Minnesota",1456,1042,414
1400000US27031990000,"Census Tract 9900, Cook County, Minnesota",0,0,0
1400000US27033270100,"Census Tract 2701, Cottonwood County, Minnesota",1176,1074,102
1400000US27033270200,"Census Tract 2702, Cottonwood County, Minnesota",1168,1020,148
1400000US27033270300,"Census Tract 2703, Cottonwood County, Minnesota",1469,1341,128
1400000US27033270400,"Census Tract 2704, Cottonwood County, Minnesota",1339,1236,103
1400000US27035950100,"Census Tract 9501, Crow Wing County, Minnesota",2541,989,1552
1400000US27035950204,"Census Tract 9502.04, Crow Wing County, Minnesota",2292,957,1335
1400000US27035950401,"Census Tract 9504.01, Crow Wing County, Minnesota",2480,1729,751
1400000US27035950402,"Census Tract 9504.02, Crow Wing County, Minnesota",1557,692,865
1400000US27035950501,"Census Tract 9505.01, Crow Wing County, Minnesota",2231,1174,1057
1400000US27035950502,"Census Tract 9505.02, Crow Wing County, Minnesota",1923,1187,736
1400000US27035950701,"Census Tract 9507.01, Crow Wing County, Minnesota",1646,1266,380
1400000US27035950702,"Census Tract 9507.02, Crow Wing County, Minnesota",1613,1279,334
1400000US27035950801,"Census Tract 9508.01, Crow Wing County, Minnesota",2078,837,1241
1400000US27035950802,"Census Tract 9508.02, Crow Wing County, Minnesota",1369,1104,265
1400000US27035950901,"Census Tract 9509.01, Crow Wing County, Minnesota",1351,1111,240
1400000US27035950902,"Census Tract 9509.02, Crow Wing County, Minnesota",1545,1063,482
1400000US27035951000,"Census Tract 9510, Crow Wing County, Minnesota",1860,1743,117
1400000US27035951100,"Census Tract 9511, Crow Wing County, Minnesota",2125,1992,133
1400000US27035951200,"Census Tract 9512, Crow Wing County, Minnesota",1402,1325,77
1400000US27035951301,"Census Tract 9513.01, Crow Wing County, Minnesota",2273,2114,159
1400000US27035951303,"Census Tract 9513.03, Crow Wing County, Minnesota",1867,1734,133
1400000US27035951304,"Census Tract 9513.04, Crow Wing County, Minnesota",1057,1004,53
1400000US27035951400,"Census Tract 9514, Crow Wing County, Minnesota",2487,2048,439
1400000US27035951600,"Census Tract 9516, Crow Wing County, Minnesota",2216,1152,1064
1400000US27035951700,"Census Tract 9517, Crow Wing County, Minnesota",3655,1372,2283
1400000US27037060101,"Census Tract 601.01, Dakota County, Minnesota",1565,1511,54
1400000US27037060102,"Census Tract 601.02, Dakota County, Minnesota",1237,1193,44
1400000US27037060103,"Census Tract 601.03, Dakota County, Minnesota",1102,1071,31
1400000US27037060104,"Census Tract 601.04, Dakota County, Minnesota",2801,2691,110
1400000US27037060105,"Census Tract 601.05, Dakota County, Minnesota",2675,2530,145
1400000US27037060201,"Census Tract 602.01, Dakota County, Minnesota",1053,1015,38
1400000US27037060202,"Census Tract 602.02, Dakota County, Minnesota",1571,1502,69
1400000US27037060301,"Census Tract 603.01, Dakota County, Minnesota",2095,1995,100
1400000US27037060302,"Census Tract 603.02, Dakota County, Minnesota",1474,1454,20
1400000US27037060401,"Census Tract 604.01, Dakota County, Minnesota",1029,985,44
1400000US27037060402,"Census Tract 604.02, Dakota County, Minnesota",1430,1379,51
1400000US27037060502,"Census Tract 605.02, Dakota County, Minnesota",1848,1790,58
1400000US27037060503,"Census Tract 605.03, Dakota County, Minnesota",1972,1932,40
1400000US27037060505,"Census Tract 605.05, Dakota County, Minnesota",2770,2659,111
1400000US27037060506,"Census Tract 605.06, Dakota County, Minnesota",2550,2471,79
1400000US27037060507,"Census Tract 605.07, Dakota County, Minnesota",1396,1355,41
1400000US27037060508,"Census Tract 605.08, Dakota County, Minnesota",1982,1947,35
1400000US27037060509,"Census Tract 605.09, Dakota County, Minnesota",2544,2465,79
1400000US27037060603,"Census Tract 606.03, Dakota County, Minnesota",1932,1861,71
1400000US27037060604,"Census Tract 606.04, Dakota County, Minnesota",1634,1520,114
1400000US27037060605,"Census Tract 606.05, Dakota County, Minnesota",797,766,31
1400000US27037060606,"Census Tract 606.06, Dakota County, Minnesota",1311,1261,50
1400000US27037060709,"Census Tract 607.09, Dakota County, Minnesota",2089,2050,39
1400000US27037060710,"Census Tract 607.10, Dakota County, Minnesota",1708,1648,60
1400000US27037060711,"Census Tract 607.11, Dakota County, Minnesota",2256,2163,93
1400000US27037060713,"Census Tract 607.13, Dakota County, Minnesota",1229,1191,38
1400000US27037060714,"Census Tract 607.14, Dakota County, Minnesota",1894,1831,63
1400000US27037060716,"Census Tract 607.16, Dakota County, Minnesota",1416,1374,42
1400000US27037060717,"Census Tract 607.17, Dakota County, Minnesota",905,892,13
1400000US27037060721,"Census Tract 607.21, Dakota County, Minnesota",1387,1336,51
1400000US27037060725,"Census Tract 607.25, Dakota County, Minnesota",2143,2053,90
1400000US27037060726,"Census Tract 607.26, Dakota County, Minnesota",1429,1371,58
1400000US27037060727,"Census Tract 607.27, Dakota County, Minnesota",1709,1668,41
1400000US27037060728,"Census Tract 607.28, Dakota County, Minnesota",2281,2230,51
1400000US27037060729,"Census Tract 607.29, Dakota County, Minnesota",1527,1508,19
1400000US27037060731,"Census Tract 607.31, Dakota County, Minnesota",1788,1765,23
1400000US27037060732,"Census Tract 607.32, Dakota County, Minnesota",1875,1859,16
1400000US27037060733,"Census Tract 607.33, Dakota County, Minnesota",1737,1663,74
1400000US27037060734,"Census Tract 607.34, Dakota County, Minnesota",1781,1765,16
1400000US27037060735,"Census Tract 607.35, Dakota County, Minnesota",2083,2033,50
1400000US27037060737,"Census Tract 607.37, Dakota County, Minnesota",2503,2374,129
1400000US27037060738,"Census Tract 607.38, Dakota County, Minnesota",1510,1440,70
1400000US27037060739,"Census Tract 607.39, Dakota County, Minnesota",2174,2111,63
1400000US27037060742,"Census Tract 607.42, Dakota County, Minnesota",1376,1356,20
1400000US27037060743,"Census Tract 607.43, Dakota County, Minnesota",595,576,19
1400000US27037060744,"Census Tract 607.44, Dakota County, Minnesota",596,589,7
1400000US27037060745,"Census Tract 607.45, Dakota County, Minnesota",1969,1886,83
1400000US27037060746,"Census Tract 607.46, Dakota County, Minnesota",1624,1539,85
1400000US27037060747,"Census Tract 607.47, Dakota County, Minnesota",1688,1637,51
1400000US27037060748,"Census Tract 607.48, Dakota County, Minnesota",1411,1386,25
1400000US27037060749,"Census Tract 607.49, Dakota County, Minnesota",918,846,72
1400000US27037060750,"Census Tract 607.50, Dakota County, Minnesota",2163,2059,104
1400000US27037060751,"Census Tract 607.51, Dakota County, Minnesota",948,928,20
1400000US27037060752,"Census Tract 607.52, Dakota County, Minnesota",1102,1094,8
1400000US27037060753,"Census Tract 607.53, Dakota County, Minnesota",991,949,42
1400000US27037060754,"Census Tract 607.54, Dakota County, Minnesota",1964,1919,45
1400000US27037060805,"Census Tract 608.05, Dakota County, Minnesota",1398,1349,49
1400000US27037060806,"Census Tract 608.06, Dakota County, Minnesota",2213,2162,51
1400000US27037060811,"Census Tract 608.11, Dakota County, Minnesota",2349,2280,69
1400000US27037060812,"Census Tract 608.12, Dakota County, Minnesota",2274,2224,50
1400000US27037060813,"Census Tract 608.13, Dakota County, Minnesota",2018,1915,103
1400000US27037060814,"Census Tract 608.14, Dakota County, Minnesota",2157,2120,37
1400000US27037060815,"Census Tract 608.15, Dakota County, Minnesota",1973,1918,55
1400000US27037060816,"Census Tract 608.16, Dakota County, Minnesota",2048,2028,20
1400000US27037060819,"Census Tract 608.19, Dakota County, Minnesota",2045,2026,19
1400000US27037060822,"Census Tract 608.22, Dakota County, Minnesota",513,499,14
1400000US27037060823,"Census Tract 608.23, Dakota County, Minnesota",1621,1574,47
1400000US27037060824,"Census Tract 608.24, Dakota County, Minnesota",1259,1234,25
1400000US27037060828,"Census Tract 608.28, Dakota County, Minnesota",2448,2209,239
1400000US27037060829,"Census Tract 608.29, Dakota County, Minnesota",1761,1714,47
1400000US27037060830,"Census Tract 608.30, Dakota County, Minnesota",1436,1415,21
1400000US27037060831,"Census Tract 608.31, Dakota County, Minnesota",2238,2188,50
1400000US27037060832,"Census Tract 608.32, Dakota County, Minnesota",1884,1816,68
1400000US27037060833,"Census Tract 608.33, Dakota County, Minnesota",1646,1541,105
1400000US27037060834,"Census Tract 608.34, Dakota County, Minnesota",1018,990,28
1400000US27037060835,"Census Tract 608.35, Dakota County, Minnesota",1730,1703,27
1400000US27037060836,"Census Tract 608.36, Dakota County, Minnesota",1826,1713,113
1400000US27037060837,"Census Tract 608.37, Dakota County, Minnesota",1952,1892,60
1400000US27037060838,"Census Tract 608.38, Dakota County, Minnesota",1875,1832,43
1400000US27037060839,"Census Tract 608.39, Dakota County, Minnesota",1966,1853,113
1400000US27037060840,"Census Tract 608.40, Dakota County, Minnesota",1288,1268,20
1400000US27037060841,"Census Tract 608.41, Dakota County, Minnesota",1288,1266,22
1400000US27037060902,"Census Tract 609.02, Dakota County, Minnesota",1693,1664,29
1400000US27037060904,"Census Tract 609.04, Dakota County, Minnesota",1523,1459,64
1400000US27037060905,"Census Tract 609.05, Dakota County, Minnesota",1981,1951,30
1400000US27037060906,"Census Tract 609.06, Dakota County, Minnesota",1089,1068,21
1400000US27037060907,"Census Tract 609.07, Dakota County, Minnesota",2458,2435,23
1400000US27037061001,"Census Tract 610.01, Dakota County, Minnesota",1516,1483,33
1400000US27037061003,"Census Tract 610.03, Dakota County, Minnesota",895,864,31
1400000US27037061005,"Census Tract 610.05, Dakota County, Minnesota",946,924,22
1400000US27037061007,"Census Tract 610.07, Dakota County, Minnesota",1765,1736,29
1400000US27037061008,"Census Tract 610.08, Dakota County, Minnesota",1006,970,36
1400000US27037061009,"Census Tract 610.09, Dakota County, Minnesota",2391,2350,41
1400000US27037061010,"Census Tract 610.10, Dakota County, Minnesota",1161,1135,26
1400000US27037061011,"Census Tract 610.11, Dakota County, Minnesota",974,952,22
1400000US27037061102,"Census Tract 611.02, Dakota County, Minnesota",2010,1954,56
1400000US27037061105,"Census Tract 611.05, Dakota County, Minnesota",1027,1001,26
1400000US27037061106,"Census Tract 611.06, Dakota County, Minnesota",1378,1336,42
1400000US27037061109,"Census Tract 611.09, Dakota County, Minnesota",1447,1377,70
1400000US27037061110,"Census Tract 611.10, Dakota County, Minnesota",1182,1147,35
1400000US27037061111,"Census Tract 611.11, Dakota County, Minnesota",1179,1153,26
1400000US27037061112,"Census Tract 611.12, Dakota County, Minnesota",1344,1328,16
1400000US27037061401,"Census Tract 614.01, Dakota County, Minnesota",1116,1106,10
1400000US27037061402,"Census Tract 614.02, Dakota County, Minnesota",1461,1400,61
1400000US27037061501,"Census Tract 615.01, Dakota County, Minnesota",926,896,30
1400000US27037061502,"Census Tract 615.02, Dakota County, Minnesota",1240,1148,92
1400000US27039950100,"Census Tract 9501, Dodge County, Minnesota",1644,1582,62
1400000US27039950200,"Census Tract 9502, Dodge County, Minnesota",1605,1514,91
1400000US27039950300,"Census Tract 9503, Dodge County, Minnesota",1003,930,73
1400000US27039950400,"Census Tract 9504, Dodge County, Minnesota",1469,1372,97
1400000US27039950500,"Census Tract 9505, Dodge County, Minnesota",2570,2505,65
1400000US27041450100,"Census Tract 4501, Douglas County, Minnesota",2313,1361,952
1400000US27041450200,"Census Tract 4502, Douglas County, Minnesota",2405,1596,809
1400000US27041450500,"Census Tract 4505, Douglas County, Minnesota",2278,1924,354
1400000US27041450601,"Census Tract 4506.01, Douglas County, Minnesota",1713,1547,166
1400000US27041450602,"Census Tract 4506.02, Douglas County, Minnesota",1565,1341,224
1400000US27041450702,"Census Tract 4507.02, Douglas County, Minnesota",1417,1264,153
1400000US27041450703,"Census Tract 4507.03, Douglas County, Minnesota",1244,1151,93
1400000US27041450704,"Census Tract 4507.04, Douglas County, Minnesota",1752,1623,129
1400000US27041450800,"Census Tract 4508, Douglas County, Minnesota",1955,1509,446
1400000US27041450900,"Census Tract 4509, Douglas County, Minnesota",2171,1427,744
1400000US27041451000,"Census Tract 4510, Douglas County, Minnesota",2956,1814,1142
1400000US27043460100,"Census Tract 4601, Faribault County, Minnesota",877,796,81
1400000US27043460200,"Census Tract 4602, Faribault County, Minnesota",1121,950,171
1400000US27043460300,"Census Tract 4603, Faribault County, Minnesota",892,754,138
1400000US27043460400,"Census Tract 4604, Faribault County, Minnesota",1623,1448,175
1400000US27043460500,"Census Tract 4605, Faribault County, Minnesota",1181,1026,155
1400000US27043460600,"Census Tract 4606, Faribault County, Minnesota",1222,1112,110
1400000US27045960100,"Census Tract 9601, Fillmore County, Minnesota",1459,1347,112
1400000US27045960200,"Census Tract 9602, Fillmore County, Minnesota",2020,1892,128
1400000US27045960300,"Census Tract 9603, Fillmore County, Minnesota",1646,1526,120
1400000US27045960400,"Census Tract 9604, Fillmore County, Minnesota",1454,1282,172
1400000US27045960500,"Census Tract 9605, Fillmore County, Minnesota",1387,1231,156
1400000US27045960600,"Census Tract 9606, Fillmore County, Minnesota",1617,1327,290
1400000US27047180100,"Census Tract 1801, Freeborn County, Minnesota",1216,1143,73
1400000US27047180200,"Census Tract 1802, Freeborn County, Minnesota",1171,1083,88
1400000US27047180300,"Census Tract 1803, Freeborn County, Minnesota",1527,1403,124
1400000US27047180400,"Census Tract 1804, Freeborn County, Minnesota",1441,1338,103
1400000US27047180500,"Census Tract 1805, Freeborn County, Minnesota",2022,1913,109
1400000US27047180600,"Census Tract 1806, Freeborn County, Minnesota",1804,1663,141
1400000US27047180700,"Census Tract 1807, Freeborn County, Minnesota",1066,994,72
1400000US27047180800,"Census Tract 1808, Freeborn County, Minnesota",1184,1049,135
1400000US27047180900,"Census Tract 1809, Freeborn County, Minnesota",1663,1539,124
1400000US27047181000,"Census Tract 1810, Freeborn County, Minnesota",1020,951,69
1400000US27049080101,"Census Tract 801.01, Goodhue County, Minnesota",2081,1960,121
1400000US27049080102,"Census Tract 801.02, Goodhue County, Minnesota",2465,2349,116
1400000US27049080201,"Census Tract 802.01, Goodhue County, Minnesota",1395,1293,102
1400000US27049080202,"Census Tract 802.02, Goodhue County, Minnesota",1916,1827,89
1400000US27049080300,"Census Tract 803, Goodhue County, Minnesota",2048,1679,369
1400000US27049080400,"Census Tract 804, Goodhue County, Minnesota",1588,1502,86
1400000US27049080500,"Census Tract 805, Goodhue County, Minnesota",1401,1318,83
1400000US27049080600,"Census Tract 806, Goodhue County, Minnesota",2182,2072,110
1400000US27049080700,"Census Tract 807, Goodhue County, Minnesota",1497,1405,92
1400000US27049080800,"Census Tract 808, Goodhue County, Minnesota",1831,1759,72
1400000US27049080900,"Census Tract 809, Goodhue County, Minnesota",2460,2335,125
1400000US27051070100,"Census Tract 701, Grant County, Minnesota",1768,1370,398
1400000US27051070200,"Census Tract 702, Grant County, Minnesota",1387,1170,217
1400000US27053000101,"Census Tract 1.01, Hennepin County, Minnesota",1142,1102,40
1400000US27053000102,"Census Tract 1.02, Hennepin County, Minnesota",1945,1861,84
1400000US27053000300,"Census Tract 3, Hennepin County, Minnesota",1396,1345,51
1400000US27053000601,"Census Tract 6.01, Hennepin County, Minnesota",2100,2019,81
1400000US27053000603,"Census Tract 6.03, Hennepin County, Minnesota",1311,1285,26
1400000US27053001100,"Census Tract 11, Hennepin County, Minnesota",1017,971,46
1400000US27053001700,"Census Tract 17, Hennepin County, Minnesota",1091,1018,73
1400000US27053002200,"Census Tract 22, Hennepin County, Minnesota",496,461,35
1400000US27053002400,"Census Tract 24, Hennepin County, Minnesota",1513,1436,77
1400000US27053002700,"Census Tract 27, Hennepin County, Minnesota",942,898,44
1400000US27053003200,"Census Tract 32, Hennepin County, Minnesota",659,630,29
1400000US27053003300,"Census Tract 33, Hennepin County, Minnesota",760,707,53
1400000US27053003801,"Census Tract 38.01, Hennepin County, Minnesota",1614,1537,77
1400000US27053003802,"Census Tract 38.02, Hennepin County, Minnesota",1155,1074,81
1400000US27053005901,"Census Tract 59.01, Hennepin County, Minnesota",1776,1624,152
1400000US27053005902,"Census Tract 59.02, Hennepin County, Minnesota",1314,1232,82
1400000US27053006800,"Census Tract 68, Hennepin County, Minnesota",2609,2454,155
1400000US27053007700,"Census Tract 77, Hennepin County, Minnesota",3594,3300,294
1400000US27053007801,"Census Tract 78.01, Hennepin County, Minnesota",745,709,36
1400000US27053008100,"Census Tract 81, Hennepin County, Minnesota",1965,1878,87
1400000US27053008200,"Census Tract 82, Hennepin County, Minnesota",2295,2196,99
1400000US27053008300,"Census Tract 83, Hennepin County, Minnesota",655,616,39
1400000US27053008400,"Census Tract 84, Hennepin County, Minnesota",805,767,38
1400000US27053008500,"Census Tract 85, Hennepin County, Minnesota",1682,1581,101
1400000US27053009500,"Census Tract 95, Hennepin County, Minnesota",1092,1021,71
1400000US27053009600,"Census Tract 96, Hennepin County, Minnesota",1452,1416,36
1400000US27053010600,"Census Tract 106, Hennepin County, Minnesota",1238,1154,84
1400000US27053010700,"Census Tract 107, Hennepin County, Minnesota",1027,979,48
1400000US27053011000,"Census Tract 110, Hennepin County, Minnesota",1558,1510,48
1400000US27053011703,"Census Tract 117.03, Hennepin County, Minnesota",1747,1712,35
1400000US27053011704,"Census Tract 117.04, Hennepin County, Minnesota",1316,1280,36
1400000US27053011800,"Census Tract 118, Hennepin County, Minnesota",2076,2014,62
1400000US27053011998,"Census Tract 119.98, Hennepin County, Minnesota",2160,2083,77
1400000US27053012001,"Census Tract 120.01, Hennepin County, Minnesota",2636,2566,70
1400000US27053012003,"Census Tract 120.03, Hennepin County, Minnesota",2199,2107,92
1400000US27053012101,"Census Tract 121.01, Hennepin County, Minnesota",1292,1244,48
1400000US27053012102,"Census Tract 121.02, Hennepin County, Minnesota",1363,1336,27
1400000US27053020101,"Census Tract 201.01, Hennepin County, Minnesota",1244,1215,29
1400000US27053020102,"Census Tract 201.02, Hennepin County, Minnesota",1087,1033,54
1400000US27053020201,"Census Tract 202.01, Hennepin County, Minnesota",1150,1108,42
1400000US27053020202,"Census Tract 202.02, Hennepin County, Minnesota",1850,1806,44
1400000US27053020301,"Census Tract 203.01, Hennepin County, Minnesota",958,934,24
1400000US27053020302,"Census Tract 203.02, Hennepin County, Minnesota",940,905,35
1400000US27053020303,"Census Tract 203.03, Hennepin County, Minnesota",1265,1225,40
1400000US27053020304,"Census Tract 203.04, Hennepin County, Minnesota",1229,1190,39
1400000US27053020400,"Census Tract 204, Hennepin County, Minnesota",2053,1992,61
1400000US27053020500,"Census Tract 205, Hennepin County, Minnesota",1362,1316,46
1400000US27053020600,"Census Tract 206, Hennepin County, Minnesota",858,833,25
1400000US27053020700,"Census Tract 207, Hennepin County, Minnesota",1783,1738,45
1400000US27053020801,"Census Tract 208.01, Hennepin County, Minnesota",903,880,23
1400000US27053020804,"Census Tract 208.04, Hennepin County, Minnesota",1268,1231,37
1400000US27053020902,"Census Tract 209.02, Hennepin County, Minnesota",922,903,19
1400000US27053020903,"Census Tract 209.03, Hennepin County, Minnesota",1288,1263,25
1400000US27053021001,"Census Tract 210.01, Hennepin County, Minnesota",2545,2485,60
1400000US27053021002,"Census Tract 210.02, Hennepin County, Minnesota",920,882,38
1400000US27053021100,"Census Tract 211, Hennepin County, Minnesota",850,833,17
1400000US27053021200,"Census Tract 212, Hennepin County, Minnesota",1947,1906,41
1400000US27053021300,"Census Tract 213, Hennepin County, Minnesota",2397,2271,126
1400000US27053021400,"Census Tract 214, Hennepin County, Minnesota",1316,1279,37
1400000US27053021501,"Census Tract 215.01, Hennepin County, Minnesota",2015,1946,69
1400000US27053021502,"Census Tract 215.02, Hennepin County, Minnesota",1645,1517,128
1400000US27053021503,"Census Tract 215.03, Hennepin County, Minnesota",2201,2130,71
1400000US27053021504,"Census Tract 215.04, Hennepin County, Minnesota",1576,1537,39
1400000US27053021505,"Census Tract 215.05, Hennepin County, Minnesota",2102,2024,78
1400000US27053021601,"Census Tract 216.01, Hennepin County, Minnesota",2107,2043,64
1400000US27053021602,"Census Tract 216.02, Hennepin County, Minnesota",2924,2751,173
1400000US27053021700,"Census Tract 217, Hennepin County, Minnesota",2155,2089,66
1400000US27053021800,"Census Tract 218, Hennepin County, Minnesota",1083,1036,47
1400000US27053021900,"Census Tract 219, Hennepin County, Minnesota",2226,2038,188
1400000US27053022000,"Census Tract 220, Hennepin County, Minnesota",1461,1380,81
1400000US27053022101,"Census Tract 221.01, Hennepin County, Minnesota",1526,1459,67
1400000US27053022102,"Census Tract 221.02, Hennepin County, Minnesota",1310,1270,40
1400000US27053022200,"Census Tract 222, Hennepin County, Minnesota",2273,2204,69
1400000US27053022301,"Census Tract 223.01, Hennepin County, Minnesota",1051,977,74
1400000US27053022302,"Census Tract 223.02, Hennepin County, Minnesota",1522,1480,42
1400000US27053022400,"Census Tract 224, Hennepin County, Minnesota",1691,1647,44
1400000US27053022700,"Census Tract 227, Hennepin County, Minnesota",1725,1673,52
1400000US27053022801,"Census Tract 228.01, Hennepin County, Minnesota",836,799,37
1400000US27053022802,"Census Tract 228.02, Hennepin County, Minnesota",2218,2010,208
1400000US27053022901,"Census Tract 229.01, Hennepin County, Minnesota",3399,3148,251
1400000US27053022902,"Census Tract 229.02, Hennepin County, Minnesota",747,720,27
1400000US27053023000,"Census Tract 230, Hennepin County, Minnesota",2551,2418,133
1400000US27053023100,"Census Tract 231, Hennepin County, Minnesota",671,641,30
1400000US27053023201,"Census Tract 232.01, Hennepin County, Minnesota",1069,1032,37
1400000US27053023202,"Census Tract 232.02, Hennepin County, Minnesota",2088,1995,93
1400000US27053023300,"Census Tract 233, Hennepin County, Minnesota",3216,3109,107
1400000US27053023401,"Census Tract 234.01, Hennepin County, Minnesota",2410,2317,93
1400000US27053023402,"Census Tract 234.02, Hennepin County, Minnesota",692,657,35
1400000US27053023501,"Census Tract 235.01, Hennepin County, Minnesota",1879,1759,120
1400000US27053023502,"Census Tract 235.02, Hennepin County, Minnesota",2937,2750,187
1400000US27053023600,"Census Tract 236, Hennepin County, Minnesota",1481,1346,135
1400000US27053023700,"Census Tract 237, Hennepin County, Minnesota",2152,1929,223
1400000US27053023801,"Census Tract 238.01, Hennepin County, Minnesota",1963,1870,93
1400000US27053023802,"Census Tract 238.02, Hennepin County, Minnesota",1135,1094,41
1400000US27053023901,"Census Tract 239.01, Hennepin County, Minnesota",1325,1288,37
1400000US27053023902,"Census Tract 239.02, Hennepin County, Minnesota",710,675,35
1400000US27053023903,"Census Tract 239.03, Hennepin County, Minnesota",1668,1532,136
1400000US27053024003,"Census Tract 240.03, Hennepin County, Minnesota",2214,2073,141
1400000US27053024004,"Census Tract 240.04, Hennepin County, Minnesota",2961,2697,264
1400000US27053024005,"Census Tract 240.05, Hennepin County, Minnesota",1826,1582,244
1400000US27053024006,"Census Tract 240.06, Hennepin County, Minnesota",939,857,82
1400000US27053024100,"Census Tract 241, Hennepin County, Minnesota",1517,1488,29
1400000US27053024200,"Census Tract 242, Hennepin County, Minnesota",1378,1347,31
1400000US27053024300,"Census Tract 243, Hennepin County, Minnesota",2668,2414,254
1400000US27053024400,"Census Tract 244, Hennepin County, Minnesota",2594,2410,184
1400000US27053024500,"Census Tract 245, Hennepin County, Minnesota",918,899,19
1400000US27053024600,"Census Tract 246, Hennepin County, Minnesota",1983,1899,84
1400000US27053024700,"Census Tract 247, Hennepin County, Minnesota",1333,1301,32
1400000US27053024801,"Census Tract 248.01, Hennepin County, Minnesota",946,917,29
1400000US27053024802,"Census Tract 248.02, Hennepin County, Minnesota",1212,1159,53
1400000US27053024903,"Census Tract 249.03, Hennepin County, Minnesota",820,787,33
1400000US27053024904,"Census Tract 249.04, Hennepin County, Minnesota",1524,1319,205
1400000US27053025100,"Census Tract 251, Hennepin County, Minnesota",1839,1712,127
1400000US27053025201,"Census Tract 252.01, Hennepin County, Minnesota",1823,1766,57
1400000US27053025205,"Census Tract 252.05, Hennepin County, Minnesota",2035,1990,45
1400000US27053025301,"Census Tract 253.01, Hennepin County, Minnesota",1380,1310,70
1400000US27053025302,"Census Tract 253.02, Hennepin County, Minnesota",1959,1910,49
1400000US27053025401,"Census Tract 254.01, Hennepin County, Minnesota",1642,1604,38
1400000US27053025403,"Census Tract 254.03, Hennepin County, Minnesota",1802,1734,68
1400000US27053025601,"Census Tract 256.01, Hennepin County, Minnesota",1296,1239,57
1400000US27053025603,"Census Tract 256.03, Hennepin County, Minnesota",1691,1646,45
1400000US27053025605,"Census Tract 256.05, Hennepin County, Minnesota",1969,1916,53
1400000US27053025702,"Census Tract 257.02, Hennepin County, Minnesota",2042,1963,79
1400000US27053025703,"Census Tract 257.03, Hennepin County, Minnesota",1001,983,18
1400000US27053025704,"Census Tract 257.04, Hennepin County, Minnesota",2154,2082,72
1400000US27053025801,"Census Tract 258.01, Hennepin County, Minnesota",1669,1586,83
1400000US27053025802,"Census Tract 258.02, Hennepin County, Minnesota",962,943,19
1400000US27053025803,"Census Tract 258.03, Hennepin County, Minnesota",1459,1396,63
1400000US27053025805,"Census Tract 258.05, Hennepin County, Minnesota",1072,1047,25
1400000US27053025905,"Census Tract 259.05, Hennepin County, Minnesota",1763,1652,111
1400000US27053025906,"Census Tract 259.06, Hennepin County, Minnesota",2833,2686,147
1400000US27053025907,"Census Tract 259.07, Hennepin County, Minnesota",2278,2150,128
1400000US27053025908,"Census Tract 259.08, Hennepin County, Minnesota",1995,1928,67
1400000US27053025909,"Census Tract 259.09, Hennepin County, Minnesota",1290,1254,36
1400000US27053026005,"Census Tract 260.05, Hennepin County, Minnesota",1577,1538,39
1400000US27053026006,"Census Tract 260.06, Hennepin County, Minnesota",1402,1332,70
1400000US27053026007,"Census Tract 260.07, Hennepin County, Minnesota",2266,2174,92
1400000US27053026013,"Census Tract 260.13, Hennepin County, Minnesota",1628,1604,24
1400000US27053026014,"Census Tract 260.14, Hennepin County, Minnesota",2002,1968,34
1400000US27053026015,"Census Tract 260.15, Hennepin County, Minnesota",2139,2083,56
1400000US27053026019,"Census Tract 260.19, Hennepin County, Minnesota",2556,2272,284
1400000US27053026020,"Census Tract 260.20, Hennepin County, Minnesota",2386,2234,152
1400000US27053026021,"Census Tract 260.21, Hennepin County, Minnesota",1658,1606,52
1400000US27053026023,"Census Tract 260.23, Hennepin County, Minnesota",1588,1552,36
1400000US27053026024,"Census Tract 260.24, Hennepin County, Minnesota",1436,1390,46
1400000US27053026025,"Census Tract 260.25, Hennepin County, Minnesota",943,919,24
1400000US27053026026,"Census Tract 260.26, Hennepin County, Minnesota",1652,1591,61
1400000US27053026027,"Census Tract 260.27, Hennepin County, Minnesota",1696,1587,109
1400000US27053026028,"Census Tract 260.28, Hennepin County, Minnesota",1066,1042,24
1400000US27053026101,"Census Tract 261.01, Hennepin County, Minnesota",1403,1344,59
1400000US27053026103,"Census Tract 261.03, Hennepin County, Minnesota",1164,1134,30
1400000US27053026104,"Census Tract 261.04, Hennepin County, Minnesota",2827,2519,308
1400000US27053026201,"Census Tract 262.01, Hennepin County, Minnesota",1203,1157,46
1400000US27053026202,"Census Tract 262.02, Hennepin County, Minnesota",1180,1111,69
1400000US27053026205,"Census Tract 262.05, Hennepin County, Minnesota",1342,1296,46
1400000US27053026206,"Census Tract 262.06, Hennepin County, Minnesota",1568,1496,72
1400000US27053026207,"Census Tract 262.07, Hennepin County, Minnesota",1827,1744,83
1400000US27053026208,"Census Tract 262.08, Hennepin County, Minnesota",1253,1227,26
1400000US27053026301,"Census Tract 263.01, Hennepin County, Minnesota",1905,1691,214
1400000US27053026302,"Census Tract 263.02, Hennepin County, Minnesota",1412,1358,54
1400000US27053026403,"Census Tract 264.03, Hennepin County, Minnesota",1814,1719,95
1400000US27053026404,"Census Tract 264.04, Hennepin County, Minnesota",2572,2455,117
1400000US27053026405,"Census Tract 264.05, Hennepin County, Minnesota",1143,1115,28
1400000US27053026406,"Census Tract 264.06, Hennepin County, Minnesota",2467,2328,139
1400000US27053026505,"Census Tract 265.05, Hennepin County, Minnesota",1513,1457,56
1400000US27053026507,"Census Tract 265.07, Hennepin County, Minnesota",2375,2247,128
1400000US27053026508,"Census Tract 265.08, Hennepin County, Minnesota",2261,2146,115
1400000US27053026509,"Census Tract 265.09, Hennepin County, Minnesota",1710,1687,23
1400000US27053026510,"Census Tract 265.10, Hennepin County, Minnesota",1749,1703,46
1400000US27053026511,"Census Tract 265.11, Hennepin County, Minnesota",1578,1532,46
1400000US27053026514,"Census Tract 265.14, Hennepin County, Minnesota",2351,2235,116
1400000US27053026515,"Census Tract 265.15, Hennepin County, Minnesota",886,870,16
1400000US27053026516,"Census Tract 265.16, Hennepin County, Minnesota",1789,1716,73
1400000US27053026605,"Census Tract 266.05, Hennepin County, Minnesota",1607,1564,43
1400000US27053026606,"Census Tract 266.06, Hennepin County, Minnesota",1880,1841,39
1400000US27053026609,"Census Tract 266.09, Hennepin County, Minnesota",1199,1156,43
1400000US27053026610,"Census Tract 266.10, Hennepin County, Minnesota",1710,1638,72
1400000US27053026611,"Census Tract 266.11, Hennepin County, Minnesota",2383,2302,81
1400000US27053026614,"Census Tract 266.14, Hennepin County, Minnesota",1427,1410,17
1400000US27053026615,"Census Tract 266.15, Hennepin County, Minnesota",3010,2903,107
1400000US27053026616,"Census Tract 266.16, Hennepin County, Minnesota",3025,2909,116
1400000US27053026617,"Census Tract 266.17, Hennepin County, Minnesota",919,879,40
1400000US27053026702,"Census Tract 267.02, Hennepin County, Minnesota",1348,1285,63
1400000US27053026706,"Census Tract 267.06, Hennepin County, Minnesota",1299,1282,17
1400000US27053026707,"Census Tract 267.07, Hennepin County, Minnesota",2016,1964,52
1400000US27053026708,"Census Tract 267.08, Hennepin County, Minnesota",2167,2125,42
1400000US27053026711,"Census Tract 267.11, Hennepin County, Minnesota",1312,1281,31
1400000US27053026712,"Census Tract 267.12, Hennepin County, Minnesota",1399,1350,49
1400000US27053026713,"Census Tract 267.13, Hennepin County, Minnesota",1859,1804,55
1400000US27053026717,"Census Tract 267.17, Hennepin County, Minnesota",2559,2488,71
1400000US27053026718,"Census Tract 267.18, Hennepin County, Minnesota",1417,1363,54
1400000US27053026719,"Census Tract 267.19, Hennepin County, Minnesota",2004,1959,45
1400000US27053026720,"Census Tract 267.20, Hennepin County, Minnesota",1656,1645,11
1400000US27053026721,"Census Tract 267.21, Hennepin County, Minnesota",1089,1078,11
1400000US27053026722,"Census Tract 267.22, Hennepin County, Minnesota",1767,1728,39
1400000US27053026723,"Census Tract 267.23, Hennepin County, Minnesota",1549,1524,25
1400000US27053026724,"Census Tract 267.24, Hennepin County, Minnesota",2276,2078,198
1400000US27053026725,"Census Tract 267.25, Hennepin County, Minnesota",1497,1471,26
1400000US27053026726,"Census Tract 267.26, Hennepin County, Minnesota",1641,1588,53
1400000US27053026807,"Census Tract 268.07, Hennepin County, Minnesota",2344,2267,77
1400000US27053026809,"Census Tract 268.09, Hennepin County, Minnesota",1776,1729,47
1400000US27053026811,"Census Tract 268.11, Hennepin County, Minnesota",1882,1834,48
1400000US27053026812,"Census Tract 268.12, Hennepin County, Minnesota",3175,3015,160
1400000US27053026814,"Census Tract 268.14, Hennepin County, Minnesota",2194,2151,43
1400000US27053026815,"Census Tract 268.15, Hennepin County, Minnesota",1829,1798,31
1400000US27053026816,"Census Tract 268.16, Hennepin County, Minnesota",2331,2278,53
1400000US27053026818,"Census Tract 268.18, Hennepin County, Minnesota",1709,1667,42
1400000US27053026819,"Census Tract 268.19, Hennepin County, Minnesota",2067,1986,81
1400000US27053026822,"Census Tract 268.22, Hennepin County, Minnesota",1962,1884,78
1400000US27053026823,"Census Tract 268.23, Hennepin County, Minnesota",1749,1665,84
1400000US27053026824,"Census Tract 268.24, Hennepin County, Minnesota",1819,1779,40
1400000US27053026825,"Census Tract 268.25, Hennepin County, Minnesota",960,951,9
1400000US27053026826,"Census Tract 268.26, Hennepin County, Minnesota",1460,1440,20
1400000US27053026827,"Census Tract 268.27, Hennepin County, Minnesota",709,687,22
1400000US27053026828,"Census Tract 268.28, Hennepin County, Minnesota",1690,1618,72
1400000US27053026903,"Census Tract 269.03, Hennepin County, Minnesota",1943,1797,146
1400000US27053026906,"Census Tract 269.06, Hennepin County, Minnesota",2793,2766,27
1400000US27053026907,"Census Tract 269.07, Hennepin County, Minnesota",2193,2154,39
1400000US27053026908,"Census Tract 269.08, Hennepin County, Minnesota",2191,2162,29
1400000US27053026910,"Census Tract 269.10, Hennepin County, Minnesota",2585,2438,147
1400000US27053026911,"Census Tract 269.11, Hennepin County, Minnesota",1774,1729,45
1400000US27053026912,"Census Tract 269.12, Hennepin County, Minnesota",3110,3041,69
1400000US27053027001,"Census Tract 270.01, Hennepin County, Minnesota",1236,1210,26
1400000US27053027002,"Census Tract 270.02, Hennepin County, Minnesota",2132,2022,110
1400000US27053027101,"Census Tract 271.01, Hennepin County, Minnesota",2690,2566,124
1400000US27053027102,"Census Tract 271.02, Hennepin County, Minnesota",2244,2174,70
1400000US27053027202,"Census Tract 272.02, Hennepin County, Minnesota",771,737,34
1400000US27053027203,"Census Tract 272.03, Hennepin County, Minnesota",2053,1847,206
1400000US27053027204,"Census Tract 272.04, Hennepin County, Minnesota",1566,1426,140
1400000US27053027205,"Census Tract 272.05, Hennepin County, Minnesota",1193,1117,76
1400000US27053027300,"Census Tract 273, Hennepin County, Minnesota",2496,2206,290
1400000US27053027400,"Census Tract 274, Hennepin County, Minnesota",1703,1553,150
1400000US27053027501,"Census Tract 275.01, Hennepin County, Minnesota",2258,2020,238
1400000US27053027503,"Census Tract 275.03, Hennepin County, Minnesota",1666,1574,92
1400000US27053027504,"Census Tract 275.04, Hennepin County, Minnesota",1356,1298,58
1400000US27053027601,"Census Tract 276.01, Hennepin County, Minnesota",1924,1779,145
1400000US27053027602,"Census Tract 276.02, Hennepin County, Minnesota",2573,2381,192
1400000US27053027701,"Census Tract 277.01, Hennepin County, Minnesota",1371,1304,67
1400000US27053027702,"Census Tract 277.02, Hennepin County, Minnesota",922,896,26
1400000US27053027703,"Census Tract 277.03, Hennepin County, Minnesota",1591,1461,130
1400000US27053100200,"Census Tract 1002, Hennepin County, Minnesota",1664,1582,82
1400000US27053100400,"Census Tract 1004, Hennepin County, Minnesota",1128,1059,69
1400000US27053100500,"Census Tract 1005, Hennepin County, Minnesota",981,906,75
1400000US27053100700,"Census Tract 1007, Hennepin County, Minnesota",1296,1236,60
1400000US27053100800,"Census Tract 1008, Hennepin County, Minnesota",1463,1395,68
1400000US27053100900,"Census Tract 1009, Hennepin County, Minnesota",1773,1647,126
1400000US27053101200,"Census Tract 1012, Hennepin County, Minnesota",2226,2170,56
1400000US27053101300,"Census Tract 1013, Hennepin County, Minnesota",689,645,44
1400000US27053101600,"Census Tract 1016, Hennepin County, Minnesota",1077,1000,77
1400000US27053101800,"Census Tract 1018, Hennepin County, Minnesota",1893,1786,107
1400000US27053101900,"Census Tract 1019, Hennepin County, Minnesota",1558,1484,74
1400000US27053102000,"Census Tract 1020, Hennepin County, Minnesota",861,814,47
1400000US27053102100,"Census Tract 1021, Hennepin County, Minnesota",847,770,77
1400000US27053102500,"Census Tract 1025, Hennepin County, Minnesota",1431,1347,84
1400000US27053102600,"Census Tract 1026, Hennepin County, Minnesota",833,791,42
1400000US27053102800,"Census Tract 1028, Hennepin County, Minnesota",983,918,65
1400000US27053103000,"Census Tract 1030, Hennepin County, Minnesota",959,880,79
1400000US27053103100,"Census Tract 1031, Hennepin County, Minnesota",1162,1127,35
1400000US27053103400,"Census Tract 1034, Hennepin County, Minnesota",1217,1187,30
1400000US27053103600,"Census Tract 1036, Hennepin County, Minnesota",2188,1875,313
1400000US27053103700,"Census Tract 1037, Hennepin County, Minnesota",2734,2631,103
1400000US27053103900,"Census Tract 1039, Hennepin County, Minnesota",1620,1553,67
1400000US27053104001,"Census Tract 1040.01, Hennepin County, Minnesota",1104,1016,88
1400000US27053104002,"Census Tract 1040.02, Hennepin County, Minnesota",1728,1655,73
1400000US27053104100,"Census Tract 1041, Hennepin County, Minnesota",1364,1300,64
1400000US27053104400,"Census Tract 1044, Hennepin County, Minnesota",1672,1339,333
1400000US27053104801,"Census Tract 1048.01, Hennepin County, Minnesota",2163,2063,100
1400000US27053104802,"Census Tract 1048.02, Hennepin County, Minnesota",1640,1510,130
1400000US27053104901,"Census Tract 1049.01, Hennepin County, Minnesota",953,908,45
1400000US27053104902,"Census Tract 1049.02, Hennepin County, Minnesota",2653,2558,95
1400000US27053105100,"Census Tract 1051, Hennepin County, Minnesota",1289,1243,46
1400000US27053105201,"Census Tract 1052.01, Hennepin County, Minnesota",2265,2082,183
1400000US27053105204,"Census Tract 1052.04, Hennepin County, Minnesota",2318,2071,247
1400000US27053105400,"Census Tract 1054, Hennepin County, Minnesota",2577,2308,269
1400000US27053105500,"Census Tract 1055, Hennepin County, Minnesota",2327,2154,173
1400000US27053105600,"Census Tract 1056, Hennepin County, Minnesota",3626,3402,224
1400000US27053105700,"Census Tract 1057, Hennepin County, Minnesota",2243,2077,166
1400000US27053106000,"Census Tract 1060, Hennepin County, Minnesota",1430,1363,67
1400000US27053106200,"Census Tract 1062, Hennepin County, Minnesota",1942,1869,73
1400000US27053106400,"Census Tract 1064, Hennepin County, Minnesota",989,970,19
1400000US27053106500,"Census Tract 1065, Hennepin County, Minnesota",2653,2459,194
1400000US27053106600,"Census Tract 1066, Hennepin County, Minnesota",1356,1269,87
1400000US27053106700,"Census Tract 1067, Hennepin County, Minnesota",3186,2955,231
1400000US27053106900,"Census Tract 1069, Hennepin County, Minnesota",1524,1347,177
1400000US27053107000,"Census Tract 1070, Hennepin County, Minnesota",2270,2092,178
1400000US27053107400,"Census Tract 1074, Hennepin County, Minnesota",875,836,39
1400000US27053107500,"Census Tract 1075, Hennepin County, Minnesota",918,876,42
1400000US27053107600,"Census Tract 1076, Hennepin County, Minnesota",1686,1615,71
1400000US27053108000,"Census Tract 1080, Hennepin County, Minnesota",2299,2008,291
1400000US27053108600,"Census Tract 1086, Hennepin County, Minnesota",1102,1050,52
1400000US27053108700,"Census Tract 1087, Hennepin County, Minnesota",1736,1620,116
1400000US27053108800,"Census Tract 1088, Hennepin County, Minnesota",1811,1737,74
1400000US27053108900,"Census Tract 1089, Hennepin County, Minnesota",1077,1044,33
1400000US27053109000,"Census Tract 1090, Hennepin County, Minnesota",841,812,29
1400000US27053109100,"Census Tract 1091, Hennepin County, Minnesota",3033,2823,210
1400000US27053109200,"Census Tract 1092, Hennepin County, Minnesota",2143,2029,114
1400000US27053109300,"Census Tract 1093, Hennepin County, Minnesota",2058,1947,111
1400000US27053109400,"Census Tract 1094, Hennepin County, Minnesota",709,685,24
1400000US27053109700,"Census Tract 1097, Hennepin County, Minnesota",941,912,29
1400000US27053109800,"Census Tract 1098, Hennepin County, Minnesota",1839,1762,77
1400000US27053109900,"Census Tract 1099, Hennepin County, Minnesota",1813,1749,64
1400000US27053110000,"Census Tract 1100, Hennepin County, Minnesota",577,555,22
1400000US27053110100,"Census Tract 1101, Hennepin County, Minnesota",1311,1285,26
1400000US27053110200,"Census Tract 1102, Hennepin County, Minnesota",1645,1590,55
1400000US27053110400,"Census Tract 1104, Hennepin County, Minnesota",1600,1557,43
1400000US27053110500,"Census Tract 1105, Hennepin County, Minnesota",2552,2467,85
1400000US27053110800,"Census Tract 1108, Hennepin County, Minnesota",1964,1901,63
1400000US27053110900,"Census Tract 1109, Hennepin County, Minnesota",1442,1402,40
1400000US27053111100,"Census Tract 1111, Hennepin County, Minnesota",1547,1501,46
1400000US27053111200,"Census Tract 1112, Hennepin County, Minnesota",1402,1328,74
1400000US27053111300,"Census Tract 1113, Hennepin County, Minnesota",2006,1949,57
1400000US27053111400,"Census Tract 1114, Hennepin County, Minnesota",1548,1493,55
1400000US27053111500,"Census Tract 1115, Hennepin County, Minnesota",2303,2244,59
1400000US27053111600,"Census Tract 1116, Hennepin County, Minnesota",1307,1288,19
1400000US27053122500,"Census Tract 1225, Hennepin County, Minnesota",1679,1618,61
1400000US27053122600,"Census Tract 1226, Hennepin County, Minnesota",1058,1027,31
1400000US27053125500,"Census Tract 1255, Hennepin County, Minnesota",1646,1583,63
1400000US27053125600,"Census Tract 1256, Hennepin County, Minnesota",2486,2273,213
1400000US27053125700,"Census Tract 1257, Hennepin County, Minnesota",1194,1105,89
1400000US27053125800,"Census Tract 1258, Hennepin County, Minnesota",1732,1640,92
1400000US27053125900,"Census Tract 1259, Hennepin County, Minnesota",1436,1346,90
1400000US27053126000,"Census Tract 1260, Hennepin County, Minnesota",2078,1974,104
1400000US27053126101,"Census Tract 1261.01, Hennepin County, Minnesota",2122,1843,279
1400000US27053126102,"Census Tract 1261.02, Hennepin County, Minnesota",4431,3922,509
1400000US27053126201,"Census Tract 1262.01, Hennepin County, Minnesota",1864,1724,140
1400000US27053126202,"Census Tract 1262.02, Hennepin County, Minnesota",2995,2790,205
1400000US27053126300,"Census Tract 1263, Hennepin County, Minnesota",1128,1052,76
1400000US27053980000,"Census Tract 9800, Hennepin County, Minnesota",2,2,0
1400000US27053980100,"Census Tract 9801, Hennepin County, Minnesota",297,282,15
1400000US27055020100,"Census Tract 201, Houston County, Minnesota",2652,2491,161
1400000US27055020200,"Census Tract 202, Houston County, Minnesota",1639,1486,153
1400000US27055020300,"Census Tract 203, Houston County, Minnesota",1193,1076,117
1400000US27055020500,"Census Tract 205, Houston County, Minnesota",1519,1418,101
1400000US27055020900,"Census Tract 209, Houston County, Minnesota",1728,1542,186
1400000US27057070100,"Census Tract 701, Hubbard County, Minnesota",2464,1906,558
1400000US27057070200,"Census Tract 702, Hubbard County, Minnesota",2520,999,1521
1400000US27057070300,"Census Tract 703, Hubbard County, Minnesota",1629,842,787
1400000US27057070400,"Census Tract 704, Hubbard County, Minnesota",2385,1249,1136
1400000US27057070500,"Census Tract 705, Hubbard County, Minnesota",1641,1195,446
1400000US27057070600,"Census Tract 706, Hubbard County, Minnesota",1977,1760,217
1400000US27057070700,"Census Tract 707, Hubbard County, Minnesota",2089,934,1155
1400000US27059130100,"Census Tract 1301, Isanti County, Minnesota",1464,1352,112
1400000US27059130200,"Census Tract 1302, Isanti County, Minnesota",1451,1386,65
1400000US27059130302,"Census Tract 1303.02, Isanti County, Minnesota",1237,1170,67
1400000US27059130303,"Census Tract 1303.03, Isanti County, Minnesota",2309,2219,90
1400000US27059130304,"Census Tract 1303.04, Isanti County, Minnesota",1718,1630,88
1400000US27059130400,"Census Tract 1304, Isanti County, Minnesota",1539,1485,54
1400000US27059130501,"Census Tract 1305.01, Isanti County, Minnesota",2157,2000,157
1400000US27059130502,"Census Tract 1305.02, Isanti County, Minnesota",2911,2843,68
1400000US27059130600,"Census Tract 1306, Isanti County, Minnesota",1764,1530,234
1400000US27061480101,"Census Tract 4801.01, Itasca County, Minnesota",689,491,198
1400000US27061480102,"Census Tract 4801.02, Itasca County, Minnesota",1372,674,698
1400000US27061480301,"Census Tract 4803.01, Itasca County, Minnesota",656,557,99
1400000US27061480302,"Census Tract 4803.02, Itasca County, Minnesota",1186,835,351
1400000US27061480303,"Census Tract 4803.03, Itasca County, Minnesota",691,395,296
1400000US27061480401,"Census Tract 4804.01, Itasca County, Minnesota",1896,654,1242
1400000US27061480402,"Census Tract 4804.02, Itasca County, Minnesota",854,583,271
1400000US27061480403,"Census Tract 4804.03, Itasca County, Minnesota",588,363,225
1400000US27061480500,"Census Tract 4805, Itasca County, Minnesota",1371,1122,249
1400000US27061480600,"Census Tract 4806, Itasca County, Minnesota",1533,1170,363
1400000US27061480701,"Census Tract 4807.01, Itasca County, Minnesota",806,640,166
1400000US27061480702,"Census Tract 4807.02, Itasca County, Minnesota",1866,1428,438
1400000US27061480801,"Census Tract 4808.01, Itasca County, Minnesota",1179,961,218
1400000US27061480803,"Census Tract 4808.03, Itasca County, Minnesota",756,691,65
1400000US27061480804,"Census Tract 4808.04, Itasca County, Minnesota",956,899,57
1400000US27061480805,"Census Tract 4808.05, Itasca County, Minnesota",1282,1194,88
1400000US27061480901,"Census Tract 4809.01, Itasca County, Minnesota",822,751,71
1400000US27061480902,"Census Tract 4809.02, Itasca County, Minnesota",2291,2014,277
1400000US27061481001,"Census Tract 4810.01, Itasca County, Minnesota",948,837,111
1400000US27061481002,"Census Tract 4810.02, Itasca County, Minnesota",2132,1700,432
1400000US27061940000,"Census Tract 9400, Itasca County, Minnesota",1501,1009,492
1400000US27063480100,"Census Tract 4801, Jackson County, Minnesota",1051,908,143
1400000US27063480200,"Census Tract 4802, Jackson County, Minnesota",950,845,105
1400000US27063480300,"Census Tract 4803, Jackson County, Minnesota",1156,1002,154
1400000US27063480400,"Census Tract 4804, Jackson County, Minnesota",1734,1552,182
1400000US27065480100,"Census Tract 4801, Kanabec County, Minnesota",1886,1429,457
1400000US27065480200,"Census Tract 4802, Kanabec County, Minnesota",1895,1501,394
1400000US27065480300,"Census Tract 4803, Kanabec County, Minnesota",1791,1671,120
1400000US27065480400,"Census Tract 4804, Kanabec County, Minnesota",2163,1929,234
1400000US27067770900,"Census Tract 7709, Kandiyohi County, Minnesota",1238,1156,82
1400000US27067780100,"Census Tract 7801, Kandiyohi County, Minnesota",1627,1061,566
1400000US27067780200,"Census Tract 7802, Kandiyohi County, Minnesota",1543,1014,529
1400000US27067780300,"Census Tract 7803, Kandiyohi County, Minnesota",2148,1741,407
1400000US27067780400,"Census Tract 7804, Kandiyohi County, Minnesota",1746,1556,190
1400000US27067780500,"Census Tract 7805, Kandiyohi County, Minnesota",2058,1799,259
1400000US27067780600,"Census Tract 7806, Kandiyohi County, Minnesota",2086,1919,167
1400000US27067780700,"Census Tract 7807, Kandiyohi County, Minnesota",1674,1593,81
1400000US27067780800,"Census Tract 7808, Kandiyohi County, Minnesota",903,816,87
1400000US27067781000,"Census Tract 7810, Kandiyohi County, Minnesota",2309,2179,130
1400000US27067781100,"Census Tract 7811, Kandiyohi County, Minnesota",1419,1131,288
1400000US27067781200,"Census Tract 7812, Kandiyohi County, Minnesota",1199,1114,85
1400000US27069090100,"Census Tract 901, Kittson County, Minnesota",1266,1019,247
1400000US27069090200,"Census Tract 902, Kittson County, Minnesota",1006,827,179
1400000US27071790100,"Census Tract 7901, Koochiching County, Minnesota",983,901,82
1400000US27071790201,"Census Tract 7902.01, Koochiching County, Minnesota",1137,1034,103
1400000US27071790202,"Census Tract 7902.02, Koochiching County, Minnesota",1583,1355,228
1400000US27071790300,"Census Tract 7903, Koochiching County, Minnesota",2028,1297,731
1400000US27071790500,"Census Tract 7905, Koochiching County, Minnesota",1671,1017,654
1400000US27073180100,"Census Tract 1801, Lac qui Parle County, Minnesota",1206,1022,184
1400000US27073180200,"Census Tract 1802, Lac qui Parle County, Minnesota",902,725,177
1400000US27073180300,"Census Tract 1803, Lac qui Parle County, Minnesota",1363,1207,156
1400000US27075370101,"Census Tract 3701.01, Lake County, Minnesota",2261,894,1367
1400000US27075370102,"Census Tract 3701.02, Lake County, Minnesota",1843,1199,644
1400000US27075370300,"Census Tract 3703, Lake County, Minnesota",1337,1082,255
1400000US27075370400,"Census Tract 3704, Lake County, Minnesota",1870,1694,176
1400000US27075990100,"Census Tract 9901, Lake County, Minnesota",0,0,0
1400000US27077460300,"Census Tract 4603, Lake of the Woods County, Minnesota",886,711,175
1400000US27077460401,"Census Tract 4604.01, Lake of the Woods County, Minnesota",910,587,323
1400000US27077460402,"Census Tract 4604.02, Lake of the Woods County, Minnesota",1595,447,1148
1400000US27079950101,"Census Tract 9501.01, Le Sueur County, Minnesota",1364,1267,97
1400000US27079950102,"Census Tract 9501.02, Le Sueur County, Minnesota",1468,1402,66
1400000US27079950200,"Census Tract 9502, Le Sueur County, Minnesota",2020,1888,132
1400000US27079950300,"Census Tract 9503, Le Sueur County, Minnesota",2096,1930,166
1400000US27079950400,"Census Tract 9504, Le Sueur County, Minnesota",2039,1593,446
1400000US27079950500,"Census Tract 9505, Le Sueur County, Minnesota",1969,1615,354
1400000US27079950600,"Census Tract 9506, Le Sueur County, Minnesota",1855,1592,263
1400000US27081201001,"Census Tract 2010.01, Lincoln County, Minnesota",1624,1275,349
1400000US27081201002,"Census Tract 2010.02, Lincoln County, Minnesota",1427,1177,250
1400000US27083360100,"Census Tract 3601, Lyon County, Minnesota",1606,1460,146
1400000US27083360200,"Census Tract 3602, Lyon County, Minnesota",1284,1195,89
1400000US27083360300,"Census Tract 3603, Lyon County, Minnesota",2247,2099,148
1400000US27083360400,"Census Tract 3604, Lyon County, Minnesota",1942,1813,129
1400000US27083360500,"Census Tract 3605, Lyon County, Minnesota",1825,1576,249
1400000US27083360600,"Census Tract 3606, Lyon County, Minnesota",1300,1153,147
1400000US27083360700,"Census Tract 3607, Lyon County, Minnesota",976,841,135
1400000US27085950100,"Census Tract 9501, McLeod County, Minnesota",2239,2127,112
1400000US27085950200,"Census Tract 9502, McLeod County, Minnesota",1648,1580,68
1400000US27085950301,"Census Tract 9503.01, McLeod County, Minnesota",1581,1511,70
1400000US27085950302,"Census Tract 9503.02, McLeod County, Minnesota",1438,1345,93
1400000US27085950401,"Census Tract 9504.01, McLeod County, Minnesota",2379,2279,100
1400000US27085950402,"Census Tract 9504.02, McLeod County, Minnesota",925,878,47
1400000US27085950500,"Census Tract 9505, McLeod County, Minnesota",1220,1110,110
1400000US27085950600,"Census Tract 9506, McLeod County, Minnesota",1889,1811,78
1400000US27085950700,"Census Tract 9507, McLeod County, Minnesota",2501,2363,138
1400000US27087940100,"Census Tract 9401, Mahnomen County, Minnesota",1209,1127,82
1400000US27087940300,"Census Tract 9403, Mahnomen County, Minnesota",1341,887,454
1400000US27089080100,"Census Tract 801, Marshall County, Minnesota",1148,982,166
1400000US27089080200,"Census Tract 802, Marshall County, Minnesota",1053,928,125
1400000US27089080300,"Census Tract 803, Marshall County, Minnesota",1013,854,159
1400000US27089080400,"Census Tract 804, Marshall County, Minnesota",1202,1072,130
1400000US27091790100,"Census Tract 7901, Martin County, Minnesota",1398,1241,157
1400000US27091790200,"Census Tract 7902, Martin County, Minnesota",1160,1044,116
1400000US27091790300,"Census Tract 7903, Martin County, Minnesota",1085,947,138
1400000US27091790400,"Census Tract 7904, Martin County, Minnesota",872,744,128
1400000US27091790501,"Census Tract 7905.01, Martin County, Minnesota",864,783,81
1400000US27091790502,"Census Tract 7905.02, Martin County, Minnesota",2207,2044,163
1400000US27091790600,"Census Tract 7906, Martin County, Minnesota",2162,1945,217
1400000US27093560100,"Census Tract 5601, Meeker County, Minnesota",2154,1861,293
1400000US27093560200,"Census Tract 5602, Meeker County, Minnesota",2504,2078,426
1400000US27093560300,"Census Tract 5603, Meeker County, Minnesota",1625,1519,106
1400000US27093560400,"Census Tract 5604, Meeker County, Minnesota",1355,1272,83
1400000US27093560500,"Census Tract 5605, Meeker County, Minnesota",1564,1323,241
1400000US27093560600,"Census Tract 5606, Meeker County, Minnesota",1374,1210,164
1400000US27095170400,"Census Tract 1704, Mille Lacs County, Minnesota",2018,1920,98
1400000US27095170500,"Census Tract 1705, Mille Lacs County, Minnesota",2034,1904,130
1400000US27095170600,"Census Tract 1706, Mille Lacs County, Minnesota",1093,1045,48
1400000US27095170700,"Census Tract 1707, Mille Lacs County, Minnesota",2527,2426,101
1400000US27095970100,"Census Tract 9701, Mille Lacs County, Minnesota",1831,1027,804
1400000US27095970200,"Census Tract 9702, Mille Lacs County, Minnesota",1594,1151,443
1400000US27095970300,"Census Tract 9703, Mille Lacs County, Minnesota",1689,1120,569
1400000US27097780100,"Census Tract 7801, Morrison County, Minnesota",2595,1381,1214
1400000US27097780200,"Census Tract 7802, Morrison County, Minnesota",1745,1579,166
1400000US27097780300,"Census Tract 7803, Morrison County, Minnesota",2530,2411,119
1400000US27097780400,"Census Tract 7804, Morrison County, Minnesota",1357,1026,331
1400000US27097780500,"Census Tract 7805, Morrison County, Minnesota",2107,1933,174
1400000US27097780600,"Census Tract 7806, Morrison County, Minnesota",2722,2539,183
1400000US27097780700,"Census Tract 7807, Morrison County, Minnesota",1208,1141,67
1400000US27097780800,"Census Tract 7808, Morrison County, Minnesota",1810,1678,132
1400000US27099000100,"Census Tract 1, Mower County, Minnesota",1081,1005,76
1400000US27099000200,"Census Tract 2, Mower County, Minnesota",1161,1093,68
1400000US27099000300,"Census Tract 3, Mower County, Minnesota",2102,1944,158
1400000US27099000410,"Census Tract 4.10, Mower County, Minnesota",2338,2123,215
1400000US27099000600,"Census Tract 6, Mower County, Minnesota",1292,1233,59
1400000US27099000800,"Census Tract 8, Mower County, Minnesota",1572,1445,127
1400000US27099000900,"Census Tract 9, Mower County, Minnesota",1765,1678,87
1400000US27099001000,"Census Tract 10, Mower County, Minnesota",1555,1422,133
1400000US27099001200,"Census Tract 12, Mower County, Minnesota",796,740,56
1400000US27099001300,"Census Tract 13, Mower County, Minnesota",1896,1735,161
1400000US27099001400,"Census Tract 14, Mower County, Minnesota",1370,1282,88
1400000US27101900100,"Census Tract 9001, Murray County, Minnesota",1379,842,537
1400000US27101900200,"Census Tract 9002, Murray County, Minnesota",1431,1322,109
1400000US27101900300,"Census Tract 9003, Murray County, Minnesota",1578,1417,161
1400000US27103480100,"Census Tract 4801, Nicollet County, Minnesota",1434,1350,84
1400000US27103480200,"Census Tract 4802, Nicollet County, Minnesota",2382,2271,111
1400000US27103480300,"Census Tract 4803, Nicollet County, Minnesota",1910,1830,80
1400000US27103480400,"Census Tract 4804, Nicollet County, Minnesota",1638,1535,103
1400000US27103480501,"Census Tract 4805.01, Nicollet County, Minnesota",2986,2827,159
1400000US27103480502,"Census Tract 4805.02, Nicollet County, Minnesota",1374,1335,39
1400000US27103480600,"Census Tract 4806, Nicollet County, Minnesota",1647,1580,67
1400000US27105105100,"Census Tract 1051, Nobles County, Minnesota",1223,1108,115
1400000US27105105200,"Census Tract 1052, Nobles County, Minnesota",1327,1239,88
1400000US27105105300,"Census Tract 1053, Nobles County, Minnesota",1032,941,91
1400000US27105105400,"Census Tract 1054, Nobles County, Minnesota",1525,1456,69
1400000US27105105500,"Census Tract 1055, Nobles County, Minnesota",1303,1211,92
1400000US27105105600,"Census Tract 1056, Nobles County, Minnesota",1984,1896,88
1400000US27107960100,"Census Tract 9601, Norman County, Minnesota",1260,1054,206
1400000US27107960200,"Census Tract 9602, Norman County, Minnesota",927,756,171
1400000US27107960300,"Census Tract 9603, Norman County, Minnesota",1043,923,120
1400000US27109000100,"Census Tract 1, Olmsted County, Minnesota",1663,1253,410
1400000US27109000200,"Census Tract 2, Olmsted County, Minnesota",2336,2088,248
1400000US27109000300,"Census Tract 3, Olmsted County, Minnesota",1461,1371,90
1400000US27109000400,"Census Tract 4, Olmsted County, Minnesota",1609,1426,183
1400000US27109000500,"Census Tract 5, Olmsted County, Minnesota",1789,1566,223
1400000US27109000600,"Census Tract 6, Olmsted County, Minnesota",2191,2009,182
1400000US27109000901,"Census Tract 9.01, Olmsted County, Minnesota",2759,2558,201
1400000US27109000902,"Census Tract 9.02, Olmsted County, Minnesota",1620,1559,61
1400000US27109000903,"Census Tract 9.03, Olmsted County, Minnesota",1956,1857,99
1400000US27109001000,"Census Tract 10, Olmsted County, Minnesota",2372,2216,156
1400000US27109001100,"Census Tract 11, Olmsted County, Minnesota",1634,1517,117
1400000US27109001201,"Census Tract 12.01, Olmsted County, Minnesota",2084,1975,109
1400000US27109001202,"Census Tract 12.02, Olmsted County, Minnesota",1615,1555,60
1400000US27109001203,"Census Tract 12.03, Olmsted County, Minnesota",2455,2366,89
1400000US27109001301,"Census Tract 13.01, Olmsted County, Minnesota",2293,2202,91
1400000US27109001302,"Census Tract 13.02, Olmsted County, Minnesota",1780,1736,44
1400000US27109001401,"Census Tract 14.01, Olmsted County, Minnesota",2339,2179,160
1400000US27109001403,"Census Tract 14.03, Olmsted County, Minnesota",2904,2843,61
1400000US27109001404,"Census Tract 14.04, Olmsted County, Minnesota",2424,2329,95
1400000US27109001501,"Census Tract 15.01, Olmsted County, Minnesota",1381,1327,54
1400000US27109001502,"Census Tract 15.02, Olmsted County, Minnesota",1168,1118,50
1400000US27109001503,"Census Tract 15.03, Olmsted County, Minnesota",1022,994,28
1400000US27109001601,"Census Tract 16.01, Olmsted County, Minnesota",2216,2054,162
1400000US27109001602,"Census Tract 16.02, Olmsted County, Minnesota",1238,1204,34
1400000US27109001603,"Census Tract 16.03, Olmsted County, Minnesota",1787,1721,66
1400000US27109001701,"Census Tract 17.01, Olmsted County, Minnesota",1801,1719,82
1400000US27109001702,"Census Tract 17.02, Olmsted County, Minnesota",2191,2084,107
1400000US27109001703,"Census Tract 17.03, Olmsted County, Minnesota",2496,2404,92
1400000US27109001800,"Census Tract 18, Olmsted County, Minnesota",2141,2039,102
1400000US27109001901,"Census Tract 19.01, Olmsted County, Minnesota",1455,1376,79
1400000US27109001902,"Census Tract 19.02, Olmsted County, Minnesota",1839,1729,110
1400000US27109002000,"Census Tract 20, Olmsted County, Minnesota",2645,2531,114
1400000US27109002100,"Census Tract 21, Olmsted County, Minnesota",2769,2654,115
1400000US27109002200,"Census Tract 22, Olmsted County, Minnesota",1540,1490,50
1400000US27109002300,"Census Tract 23, Olmsted County, Minnesota",2297,2193,104
1400000US27111960102,"Census Tract 9601.02, Otter Tail County, Minnesota",1759,1097,662
1400000US27111960103,"Census Tract 9601.03, Otter Tail County, Minnesota",2588,1052,1536
1400000US27111960300,"Census Tract 9603, Otter Tail County, Minnesota",1480,1271,209
1400000US27111960400,"Census Tract 9604, Otter Tail County, Minnesota",2490,970,1520
1400000US27111960500,"Census Tract 9605, Otter Tail County, Minnesota",2722,2347,375
1400000US27111960600,"Census Tract 9606, Otter Tail County, Minnesota",2575,1853,722
1400000US27111960700,"Census Tract 9607, Otter Tail County, Minnesota",1888,1102,786
1400000US27111960800,"Census Tract 9608, Otter Tail County, Minnesota",1872,1262,610
1400000US27111960900,"Census Tract 9609, Otter Tail County, Minnesota",2822,2569,253
1400000US27111961000,"Census Tract 9610, Otter Tail County, Minnesota",2371,2186,185
1400000US27111961100,"Census Tract 9611, Otter Tail County, Minnesota",1954,1826,128
1400000US27111961200,"Census Tract 9612, Otter Tail County, Minnesota",1803,1106,697
1400000US27111961300,"Census Tract 9613, Otter Tail County, Minnesota",2305,1675,630
1400000US27111961400,"Census Tract 9614, Otter Tail County, Minnesota",2628,1154,1474
1400000US27111961500,"Census Tract 9615, Otter Tail County, Minnesota",1910,1352,558
1400000US27111961600,"Census Tract 9616, Otter Tail County, Minnesota",1789,1025,764
1400000US27111961700,"Census Tract 9617, Otter Tail County, Minnesota",1550,1276,274
1400000US27113090100,"Census Tract 901, Pennington County, Minnesota",1003,913,90
1400000US27113090200,"Census Tract 902, Pennington County, Minnesota",1260,1141,119
1400000US27113090300,"Census Tract 903, Pennington County, Minnesota",887,831,56
1400000US27113090400,"Census Tract 904, Pennington County, Minnesota",1563,1436,127
1400000US27113090500,"Census Tract 905, Pennington County, Minnesota",1926,1756,170
1400000US27115950100,"Census Tract 9501, Pine County, Minnesota",2240,1046,1194
1400000US27115950200,"Census Tract 9502, Pine County, Minnesota",1648,1109,539
1400000US27115950300,"Census Tract 9503, Pine County, Minnesota",1733,1172,561
1400000US27115950401,"Census Tract 9504.01, Pine County, Minnesota",1889,428,1461
1400000US27115950402,"Census Tract 9504.02, Pine County, Minnesota",1323,1052,271
1400000US27115950500,"Census Tract 9505, Pine County, Minnesota",2335,1960,375
1400000US27115950600,"Census Tract 9506, Pine County, Minnesota",2203,1779,424
1400000US27115950700,"Census Tract 9507, Pine County, Minnesota",1731,1502,229
1400000US27115950800,"Census Tract 9508, Pine County, Minnesota",1784,1394,390
1400000US27117460100,"Census Tract 4601, Pipestone County, Minnesota",690,622,68
1400000US27117460200,"Census Tract 4602, Pipestone County, Minnesota",860,767,93
1400000US27117460300,"Census Tract 4603, Pipestone County, Minnesota",1219,1094,125
1400000US27117460400,"Census Tract 4604, Pipestone County, Minnesota",747,686,61
1400000US27117460500,"Census Tract 4605, Pipestone County, Minnesota",821,779,42
1400000US27119020100,"Census Tract 201, Polk County, Minnesota",2076,1922,154
1400000US27119020200,"Census Tract 202, Polk County, Minnesota",722,667,55
1400000US27119020300,"Census Tract 203, Polk County, Minnesota",1131,1105,26
1400000US27119020400,"Census Tract 204, Polk County, Minnesota",855,788,67
1400000US27119020500,"Census Tract 205, Polk County, Minnesota",1126,1031,95
1400000US27119020600,"Census Tract 206, Polk County, Minnesota",2503,2264,239
1400000US27119020700,"Census Tract 207, Polk County, Minnesota",1005,880,125
1400000US27119020800,"Census Tract 208, Polk County, Minnesota",1152,911,241
1400000US27119020900,"Census Tract 209, Polk County, Minnesota",2343,1525,818
1400000US27119021000,"Census Tract 210, Polk County, Minnesota",1710,1441,269
1400000US27121970100,"Census Tract 9701, Pope County, Minnesota",1402,965,437
1400000US27121970200,"Census Tract 9702, Pope County, Minnesota",1485,1223,262
1400000US27121970300,"Census Tract 9703, Pope County, Minnesota",1507,1083,424
1400000US27121970400,"Census Tract 9704, Pope County, Minnesota",1973,1591,382
1400000US27123030100,"Census Tract 301, Ramsey County, Minnesota",2004,1909,95
1400000US27123030201,"Census Tract 302.01, Ramsey County, Minnesota",2269,2172,97
1400000US27123030202,"Census Tract 302.02, Ramsey County, Minnesota",1227,1139,88
1400000US27123030300,"Census Tract 303, Ramsey County, Minnesota",2504,2445,59
1400000US27123030400,"Census Tract 304, Ramsey County, Minnesota",2596,2498,98
1400000US27123030500,"Census Tract 305, Ramsey County, Minnesota",1969,1893,76
1400000US27123030601,"Census Tract 306.01, Ramsey County, Minnesota",1925,1833,92
1400000US27123030602,"Census Tract 306.02, Ramsey County, Minnesota",1502,1449,53
1400000US27123030702,"Census Tract 307.02, Ramsey County, Minnesota",1838,1782,56
1400000US27123030703,"Census Tract 307.03, Ramsey County, Minnesota",1438,1403,35
1400000US27123030704,"Census Tract 307.04, Ramsey County, Minnesota",1575,1529,46
1400000US27123030800,"Census Tract 308, Ramsey County, Minnesota",1805,1732,73
1400000US27123030900,"Census Tract 309, Ramsey County, Minnesota",1141,1084,57
1400000US27123031000,"Census Tract 310, Ramsey County, Minnesota",1564,1480,84
1400000US27123031100,"Census Tract 311, Ramsey County, Minnesota",1492,1434,58
1400000US27123031200,"Census Tract 312, Ramsey County, Minnesota",1407,1351,56
1400000US27123031300,"Census Tract 313, Ramsey County, Minnesota",849,788,61
1400000US27123031400,"Census Tract 314, Ramsey County, Minnesota",1055,996,59
1400000US27123031500,"Census Tract 315, Ramsey County, Minnesota",1003,924,79
1400000US27123031600,"Census Tract 316, Ramsey County, Minnesota",1415,1328,87
1400000US27123031701,"Census Tract 317.01, Ramsey County, Minnesota",926,844,82
1400000US27123031702,"Census Tract 317.02, Ramsey County, Minnesota",2196,2123,73
1400000US27123031801,"Census Tract 318.01, Ramsey County, Minnesota",1768,1687,81
1400000US27123031802,"Census Tract 318.02, Ramsey County, Minnesota",1602,1543,59
1400000US27123031900,"Census Tract 319, Ramsey County, Minnesota",1658,1586,72
1400000US27123032000,"Census Tract 320, Ramsey County, Minnesota",1272,1229,43
1400000US27123032100,"Census Tract 321, Ramsey County, Minnesota",1287,1210,77
1400000US27123032200,"Census Tract 322, Ramsey County, Minnesota",1109,1058,51
1400000US27123032300,"Census Tract 323, Ramsey County, Minnesota",1523,1467,56
1400000US27123032400,"Census Tract 324, Ramsey County, Minnesota",1201,1141,60
1400000US27123032500,"Census Tract 325, Ramsey County, Minnesota",1468,1372,96
1400000US27123032600,"Census Tract 326, Ramsey County, Minnesota",1044,971,73
1400000US27123032700,"Census Tract 327, Ramsey County, Minnesota",870,825,45
1400000US27123033000,"Census Tract 330, Ramsey County, Minnesota",664,606,58
1400000US27123033100,"Census Tract 331, Ramsey County, Minnesota",681,644,37
1400000US27123033200,"Census Tract 332, Ramsey County, Minnesota",2141,2019,122
1400000US27123033300,"Census Tract 333, Ramsey County, Minnesota",1455,1385,70
1400000US27123033400,"Census Tract 334, Ramsey County, Minnesota",1635,1561,74
1400000US27123033500,"Census Tract 335, Ramsey County, Minnesota",1294,1221,73
1400000US27123033600,"Census Tract 336, Ramsey County, Minnesota",597,585,12
1400000US27123033700,"Census Tract 337, Ramsey County, Minnesota",754,695,59
1400000US27123033800,"Census Tract 338, Ramsey County, Minnesota",700,657,43
1400000US27123033900,"Census Tract 339, Ramsey County, Minnesota",721,597,124
1400000US27123034000,"Census Tract 340, Ramsey County, Minnesota",949,904,45
1400000US27123034201,"Census Tract 342.01, Ramsey County, Minnesota",2740,2452,288
1400000US27123034203,"Census Tract 342.03, Ramsey County, Minnesota",2072,1868,204
1400000US27123034204,"Census Tract 342.04, Ramsey County, Minnesota",1793,1594,199
1400000US27123034400,"Census Tract 344, Ramsey County, Minnesota",905,830,75
1400000US27123034500,"Census Tract 345, Ramsey County, Minnesota",1397,1316,81
1400000US27123034601,"Census Tract 346.01, Ramsey County, Minnesota",2005,1907,98
1400000US27123034602,"Census Tract 346.02, Ramsey County, Minnesota",1467,1413,54
1400000US27123034701,"Census Tract 347.01, Ramsey County, Minnesota",1795,1713,82
1400000US27123034702,"Census Tract 347.02, Ramsey County, Minnesota",1577,1540,37
1400000US27123034900,"Census Tract 349, Ramsey County, Minnesota",1393,1334,59
1400000US27123035000,"Census Tract 350, Ramsey County, Minnesota",1156,1109,47
1400000US27123035100,"Census Tract 351, Ramsey County, Minnesota",1069,1030,39
1400000US27123035200,"Census Tract 352, Ramsey County, Minnesota",1717,1510,207
1400000US27123035300,"Census Tract 353, Ramsey County, Minnesota",1912,1838,74
1400000US27123035500,"Census Tract 355, Ramsey County, Minnesota",1423,1336,87
1400000US27123035700,"Census Tract 357, Ramsey County, Minnesota",1141,1076,65
1400000US27123035800,"Census Tract 358, Ramsey County, Minnesota",1785,1658,127
1400000US27123035900,"Census Tract 359, Ramsey County, Minnesota",706,567,139
1400000US27123036000,"Census Tract 360, Ramsey County, Minnesota",1674,1502,172
1400000US27123036100,"Census Tract 361, Ramsey County, Minnesota",539,520,19
1400000US27123036300,"Census Tract 363, Ramsey County, Minnesota",1335,1290,45
1400000US27123036400,"Census Tract 364, Ramsey County, Minnesota",1731,1679,52
1400000US27123036500,"Census Tract 365, Ramsey County, Minnesota",2003,1777,226
1400000US27123036600,"Census Tract 366, Ramsey County, Minnesota",2122,2044,78
1400000US27123036700,"Census Tract 367, Ramsey County, Minnesota",2597,2472,125
1400000US27123036800,"Census Tract 368, Ramsey County, Minnesota",1066,1015,51
1400000US27123036900,"Census Tract 369, Ramsey County, Minnesota",1231,1177,54
1400000US27123037000,"Census Tract 370, Ramsey County, Minnesota",1171,1126,45
1400000US27123037100,"Census Tract 371, Ramsey County, Minnesota",2113,1987,126
1400000US27123037200,"Census Tract 372, Ramsey County, Minnesota",2207,2105,102
1400000US27123037402,"Census Tract 374.02, Ramsey County, Minnesota",1788,1648,140
1400000US27123037403,"Census Tract 374.03, Ramsey County, Minnesota",2307,2253,54
1400000US27123037500,"Census Tract 375, Ramsey County, Minnesota",2197,2132,65
1400000US27123037601,"Census Tract 376.01, Ramsey County, Minnesota",2196,2101,95
1400000US27123037603,"Census Tract 376.03, Ramsey County, Minnesota",1543,1467,76
1400000US27123037604,"Census Tract 376.04, Ramsey County, Minnesota",1406,1347,59
1400000US27123040101,"Census Tract 401.01, Ramsey County, Minnesota",1135,1119,16
1400000US27123040102,"Census Tract 401.02, Ramsey County, Minnesota",1563,1523,40
1400000US27123040200,"Census Tract 402, Ramsey County, Minnesota",1041,979,62
1400000US27123040301,"Census Tract 403.01, Ramsey County, Minnesota",730,702,28
1400000US27123040302,"Census Tract 403.02, Ramsey County, Minnesota",2122,2079,43
1400000US27123040401,"Census Tract 404.01, Ramsey County, Minnesota",1643,1544,99
1400000US27123040402,"Census Tract 404.02, Ramsey County, Minnesota",2455,2392,63
1400000US27123040502,"Census Tract 405.02, Ramsey County, Minnesota",1135,1093,42
1400000US27123040503,"Census Tract 405.03, Ramsey County, Minnesota",1624,1573,51
1400000US27123040504,"Census Tract 405.04, Ramsey County, Minnesota",1807,1739,68
1400000US27123040601,"Census Tract 406.01, Ramsey County, Minnesota",2395,2243,152
1400000US27123040603,"Census Tract 406.03, Ramsey County, Minnesota",2218,2170,48
1400000US27123040605,"Census Tract 406.05, Ramsey County, Minnesota",1346,1306,40
1400000US27123040606,"Census Tract 406.06, Ramsey County, Minnesota",2032,1931,101
1400000US27123040704,"Census Tract 407.04, Ramsey County, Minnesota",2686,2593,93
1400000US27123040705,"Census Tract 407.05, Ramsey County, Minnesota",1829,1778,51
1400000US27123040706,"Census Tract 407.06, Ramsey County, Minnesota",1943,1915,28
1400000US27123040707,"Census Tract 407.07, Ramsey County, Minnesota",1890,1826,64
1400000US27123040708,"Census Tract 407.08, Ramsey County, Minnesota",1705,1627,78
1400000US27123040709,"Census Tract 407.09, Ramsey County, Minnesota",1499,1432,67
1400000US27123040801,"Census Tract 408.01, Ramsey County, Minnesota",1345,1304,41
1400000US27123040804,"Census Tract 408.04, Ramsey County, Minnesota",861,820,41
1400000US27123040805,"Census Tract 408.05, Ramsey County, Minnesota",1029,990,39
1400000US27123040901,"Census Tract 409.01, Ramsey County, Minnesota",877,850,27
1400000US27123040902,"Census Tract 409.02, Ramsey County, Minnesota",1738,1675,63
1400000US27123041001,"Census Tract 410.01, Ramsey County, Minnesota",1357,1335,22
1400000US27123041002,"Census Tract 410.02, Ramsey County, Minnesota",1483,1426,57
1400000US27123041103,"Census Tract 411.03, Ramsey County, Minnesota",1949,1844,105
1400000US27123041104,"Census Tract 411.04, Ramsey County, Minnesota",1335,1287,48
1400000US27123041105,"Census Tract 411.05, Ramsey County, Minnesota",2433,2342,91
1400000US27123041106,"Census Tract 411.06, Ramsey County, Minnesota",1423,1387,36
1400000US27123041107,"Census Tract 411.07, Ramsey County, Minnesota",2782,2715,67
1400000US27123041200,"Census Tract 412, Ramsey County, Minnesota",1906,1817,89
1400000US27123041301,"Census Tract 413.01, Ramsey County, Minnesota",1754,1682,72
1400000US27123041302,"Census Tract 413.02, Ramsey County, Minnesota",1681,1613,68
1400000US27123041400,"Census Tract 414, Ramsey County, Minnesota",2703,2593,110
1400000US27123041500,"Census Tract 415, Ramsey County, Minnesota",2413,2353,60
1400000US27123041601,"Census Tract 416.01, Ramsey County, Minnesota",2782,2693,89
1400000US27123041602,"Census Tract 416.02, Ramsey County, Minnesota",1755,1689,66
1400000US27123041700,"Census Tract 417, Ramsey County, Minnesota",1372,1342,30
1400000US27123041800,"Census Tract 418, Ramsey County, Minnesota",1643,1589,54
1400000US27123041900,"Census Tract 419, Ramsey County, Minnesota",1509,1476,33
1400000US27123042001,"Census Tract 420.01, Ramsey County, Minnesota",827,727,100
1400000US27123042002,"Census Tract 420.02, Ramsey County, Minnesota",1215,1170,45
1400000US27123042101,"Census Tract 421.01, Ramsey County, Minnesota",3030,2863,167
1400000US27123042102,"Census Tract 421.02, Ramsey County, Minnesota",1776,1731,45
1400000US27123042201,"Census Tract 422.01, Ramsey County, Minnesota",535,519,16
1400000US27123042202,"Census Tract 422.02, Ramsey County, Minnesota",2031,1963,68
1400000US27123042301,"Census Tract 423.01, Ramsey County, Minnesota",1193,1166,27
1400000US27123042302,"Census Tract 423.02, Ramsey County, Minnesota",2094,2012,82
1400000US27123042401,"Census Tract 424.01, Ramsey County, Minnesota",2799,2692,107
1400000US27123042402,"Census Tract 424.02, Ramsey County, Minnesota",2411,2307,104
1400000US27123042501,"Census Tract 425.01, Ramsey County, Minnesota",2529,2447,82
1400000US27123042503,"Census Tract 425.03, Ramsey County, Minnesota",1121,1090,31
1400000US27123042504,"Census Tract 425.04, Ramsey County, Minnesota",1681,1629,52
1400000US27123042601,"Census Tract 426.01, Ramsey County, Minnesota",1800,1741,59
1400000US27123042602,"Census Tract 426.02, Ramsey County, Minnesota",1046,1003,43
1400000US27123042700,"Census Tract 427, Ramsey County, Minnesota",2138,2059,79
1400000US27123042800,"Census Tract 428, Ramsey County, Minnesota",955,917,38
1400000US27123042900,"Census Tract 429, Ramsey County, Minnesota",1937,1834,103
1400000US27123043001,"Census Tract 430.01, Ramsey County, Minnesota",2213,2119,94
1400000US27123043002,"Census Tract 430.02, Ramsey County, Minnesota",915,870,45
1400000US27123980000,"Census Tract 9800, Ramsey County, Minnesota",0,0,0
1400000US27125010100,"Census Tract 101, Red Lake County, Minnesota",863,765,98
1400000US27125010200,"Census Tract 102, Red Lake County, Minnesota",1013,888,125
1400000US27127750100,"Census Tract 7501, Redwood County, Minnesota",1175,1055,120
1400000US27127750200,"Census Tract 7502, Redwood County, Minnesota",1508,1383,125
1400000US27127750300,"Census Tract 7503, Redwood County, Minnesota",1041,937,104
1400000US27127750400,"Census Tract 7504, Redwood County, Minnesota",1298,1163,135
1400000US27127750500,"Census Tract 7505, Redwood County, Minnesota",1195,1048,147
1400000US27127750600,"Census Tract 7506, Redwood County, Minnesota",869,732,137
1400000US27129790100,"Census Tract 7901, Renville County, Minnesota",1303,1122,181
1400000US27129790200,"Census Tract 7902, Renville County, Minnesota",893,803,90
1400000US27129790300,"Census Tract 7903, Renville County, Minnesota",801,729,72
1400000US27129790400,"Census Tract 7904, Renville County, Minnesota",1186,1064,122
1400000US27129790500,"Census Tract 7905, Renville County, Minnesota",1479,1309,170
1400000US27129790600,"Census Tract 7906, Renville County, Minnesota",1251,1126,125
1400000US27131070101,"Census Tract 701.01, Rice County, Minnesota",1281,1226,55
1400000US27131070102,"Census Tract 701.02, Rice County, Minnesota",1487,1428,59
1400000US27131070200,"Census Tract 702, Rice County, Minnesota",2285,2100,185
1400000US27131070300,"Census Tract 703, Rice County, Minnesota",2277,1830,447
1400000US27131070400,"Census Tract 704, Rice County, Minnesota",1785,1651,134
1400000US27131070501,"Census Tract 705.01, Rice County, Minnesota",1080,1008,72
1400000US27131070503,"Census Tract 705.03, Rice County, Minnesota",1326,1272,54
1400000US27131070504,"Census Tract 705.04, Rice County, Minnesota",1743,1714,29
1400000US27131070601,"Census Tract 706.01, Rice County, Minnesota",1768,1710,58
1400000US27131070602,"Census Tract 706.02, Rice County, Minnesota",868,825,43
1400000US27131070701,"Census Tract 707.01, Rice County, Minnesota",437,410,27
1400000US27131070702,"Census Tract 707.02, Rice County, Minnesota",1797,1673,124
1400000US27131070801,"Census Tract 708.01, Rice County, Minnesota",1446,1403,43
1400000US27131070802,"Census Tract 708.02, Rice County, Minnesota",1591,1549,42
1400000US27131070901,"Census Tract 709.01, Rice County, Minnesota",2364,2236,128
1400000US27131070902,"Census Tract 709.02, Rice County, Minnesota",1483,1381,102
1400000US27133570100,"Census Tract 5701, Rock County, Minnesota",984,899,85
1400000US27133570200,"Census Tract 5702, Rock County, Minnesota",1748,1661,87
1400000US27133570300,"Census Tract 5703, Rock County, Minnesota",1490,1332,158
1400000US27135970100,"Census Tract 9701, Roseau County, Minnesota",1895,1650,245
1400000US27135970200,"Census Tract 9702, Roseau County, Minnesota",955,865,90
1400000US27135970300,"Census Tract 9703, Roseau County, Minnesota",1864,1709,155
1400000US27135970400,"Census Tract 9704, Roseau County, Minnesota",1612,1388,224
1400000US27135970500,"Census Tract 9705, Roseau County, Minnesota",811,728,83
1400000US27137000100,"Census Tract 1, St. Louis County, Minnesota",1778,1728,50
1400000US27137000200,"Census Tract 2, St. Louis County, Minnesota",1966,1871,95
1400000US27137000301,"Census Tract 3.01, St. Louis County, Minnesota",2830,2653,177
1400000US27137000302,"Census Tract 3.02, St. Louis County, Minnesota",1193,1128,65
1400000US27137000400,"Census Tract 4, St. Louis County, Minnesota",1917,1821,96
1400000US27137000500,"Census Tract 5, St. Louis County, Minnesota",1342,1281,61
1400000US27137000600,"Census Tract 6, St. Louis County, Minnesota",2209,2134,75
1400000US27137000700,"Census Tract 7, St. Louis County, Minnesota",1188,1124,64
1400000US27137000900,"Census Tract 9, St. Louis County, Minnesota",1750,1636,114
1400000US27137001000,"Census Tract 10, St. Louis County, Minnesota",827,770,57
1400000US27137001100,"Census Tract 11, St. Louis County, Minnesota",756,682,74
1400000US27137001200,"Census Tract 12, St. Louis County, Minnesota",798,736,62
1400000US27137001300,"Census Tract 13, St. Louis County, Minnesota",851,795,56
1400000US27137001400,"Census Tract 14, St. Louis County, Minnesota",1316,1217,99
1400000US27137001600,"Census Tract 16, St. Louis County, Minnesota",861,751,110
1400000US27137001700,"Census Tract 17, St. Louis County, Minnesota",934,866,68
1400000US27137001800,"Census Tract 18, St. Louis County, Minnesota",1080,958,122
1400000US27137001900,"Census Tract 19, St. Louis County, Minnesota",1377,1213,164
1400000US27137002000,"Census Tract 20, St. Louis County, Minnesota",758,708,50
1400000US27137002200,"Census Tract 22, St. Louis County, Minnesota",679,575,104
1400000US27137002300,"Census Tract 23, St. Louis County, Minnesota",1747,1697,50
1400000US27137002400,"Census Tract 24, St. Louis County, Minnesota",489,462,27
1400000US27137002600,"Census Tract 26, St. Louis County, Minnesota",914,851,63
1400000US27137002900,"Census Tract 29, St. Louis County, Minnesota",793,759,34
1400000US27137003000,"Census Tract 30, St. Louis County, Minnesota",634,602,32
1400000US27137003300,"Census Tract 33, St. Louis County, Minnesota",1094,1036,58
1400000US27137003400,"Census Tract 34, St. Louis County, Minnesota",690,650,40
1400000US27137003600,"Census Tract 36, St. Louis County, Minnesota",728,690,38
1400000US27137003700,"Census Tract 37, St. Louis County, Minnesota",943,864,79
1400000US27137003800,"Census Tract 38, St. Louis County, Minnesota",1357,1275,82
1400000US27137010100,"Census Tract 101, St. Louis County, Minnesota",1257,1208,49
1400000US27137010200,"Census Tract 102, St. Louis County, Minnesota",710,676,34
1400000US27137010301,"Census Tract 103.01, St. Louis County, Minnesota",1997,1900,97
1400000US27137010302,"Census Tract 103.02, St. Louis County, Minnesota",1775,1720,55
1400000US27137010400,"Census Tract 104, St. Louis County, Minnesota",1466,1409,57
1400000US27137010500,"Census Tract 105, St. Louis County, Minnesota",1587,1458,129
1400000US27137010601,"Census Tract 106.01, St. Louis County, Minnesota",1641,1214,427
1400000US27137010602,"Census Tract 106.02, St. Louis County, Minnesota",1722,1437,285
1400000US27137011101,"Census Tract 111.01, St. Louis County, Minnesota",708,626,82
1400000US27137011102,"Census Tract 111.02, St. Louis County, Minnesota",2374,2127,247
1400000US27137011200,"Census Tract 112, St. Louis County, Minnesota",1776,1247,529
1400000US27137011300,"Census Tract 113, St. Louis County, Minnesota",1178,913,265
1400000US27137011401,"Census Tract 114.01, St. Louis County, Minnesota",1501,701,800
1400000US27137011402,"Census Tract 114.02, St. Louis County, Minnesota",1784,757,1027
1400000US27137012100,"Census Tract 121, St. Louis County, Minnesota",2324,2110,214
1400000US27137012200,"Census Tract 122, St. Louis County, Minnesota",969,841,128
1400000US27137012300,"Census Tract 123, St. Louis County, Minnesota",1399,1148,251
1400000US27137012400,"Census Tract 124, St. Louis County, Minnesota",2186,2030,156
1400000US27137012500,"Census Tract 125, St. Louis County, Minnesota",1446,1292,154
1400000US27137012600,"Census Tract 126, St. Louis County, Minnesota",2404,2116,288
1400000US27137012700,"Census Tract 127, St. Louis County, Minnesota",1091,989,102
1400000US27137012800,"Census Tract 128, St. Louis County, Minnesota",1445,1344,101
1400000US27137013000,"Census Tract 130, St. Louis County, Minnesota",1283,1106,177
1400000US27137013100,"Census Tract 131, St. Louis County, Minnesota",1429,1133,296
1400000US27137013200,"Census Tract 132, St. Louis County, Minnesota",2023,1861,162
1400000US27137013300,"Census Tract 133, St. Louis County, Minnesota",1872,1618,254
1400000US27137013400,"Census Tract 134, St. Louis County, Minnesota",1496,1256,240
1400000US27137013500,"Census Tract 135, St. Louis County, Minnesota",861,763,98
1400000US27137013600,"Census Tract 136, St. Louis County, Minnesota",1054,853,201
1400000US27137013800,"Census Tract 138, St. Louis County, Minnesota",863,763,100
1400000US27137013900,"Census Tract 139, St. Louis County, Minnesota",1298,1027,271
1400000US27137014000,"Census Tract 140, St. Louis County, Minnesota",1002,886,116
1400000US27137014100,"Census Tract 141, St. Louis County, Minnesota",804,676,128
1400000US27137015100,"Census Tract 151, St. Louis County, Minnesota",2242,1325,917
1400000US27137015200,"Census Tract 152, St. Louis County, Minnesota",1843,1543,300
1400000US27137015300,"Census Tract 153, St. Louis County, Minnesota",1959,1615,344
1400000US27137015401,"Census Tract 154.01, St. Louis County, Minnesota",2099,952,1147
1400000US27137015402,"Census Tract 154.02, St. Louis County, Minnesota",1285,614,671
1400000US27137015501,"Census Tract 155.01, St. Louis County, Minnesota",2041,679,1362
1400000US27137015502,"Census Tract 155.02, St. Louis County, Minnesota",1983,578,1405
1400000US27137015503,"Census Tract 155.03, St. Louis County, Minnesota",1168,390,778
1400000US27137015600,"Census Tract 156, St. Louis County, Minnesota",1629,1417,212
1400000US27137015700,"Census Tract 157, St. Louis County, Minnesota",983,891,92
1400000US27137015800,"Census Tract 158, St. Louis County, Minnesota",1925,1798,127
1400000US27137990100,"Census Tract 9901, St. Louis County, Minnesota",0,0,0
1400000US27139080100,"Census Tract 801, Scott County, Minnesota",969,941,28
1400000US27139080201,"Census Tract 802.01, Scott County, Minnesota",1143,1123,20
1400000US27139080202,"Census Tract 802.02, Scott County, Minnesota",2067,2002,65
1400000US27139080204,"Census Tract 802.04, Scott County, Minnesota",1497,1428,69
1400000US27139080206,"Census Tract 802.06, Scott County, Minnesota",1510,1478,32
1400000US27139080207,"Census Tract 802.07, Scott County, Minnesota",1702,1674,28
1400000US27139080208,"Census Tract 802.08, Scott County, Minnesota",1015,1003,12
1400000US27139080209,"Census Tract 802.09, Scott County, Minnesota",1557,1532,25
1400000US27139080303,"Census Tract 803.03, Scott County, Minnesota",2574,2346,228
1400000US27139080304,"Census Tract 803.04, Scott County, Minnesota",2220,2165,55
1400000US27139080305,"Census Tract 803.05, Scott County, Minnesota",2383,2339,44
1400000US27139080306,"Census Tract 803.06, Scott County, Minnesota",802,802,0
1400000US27139080307,"Census Tract 803.07, Scott County, Minnesota",2139,2116,23
1400000US27139080400,"Census Tract 804, Scott County, Minnesota",1755,1695,60
1400000US27139080500,"Census Tract 805, Scott County, Minnesota",897,863,34
1400000US27139080600,"Census Tract 806, Scott County, Minnesota",1840,1786,54
1400000US27139080700,"Census Tract 807, Scott County, Minnesota",1460,1280,180
1400000US27139080801,"Census Tract 808.01, Scott County, Minnesota",2304,2237,67
1400000US27139080802,"Census Tract 808.02, Scott County, Minnesota",836,805,31
1400000US27139080903,"Census Tract 809.03, Scott County, Minnesota",3433,3196,237
1400000US27139080905,"Census Tract 809.05, Scott County, Minnesota",2217,2118,99
1400000US27139080906,"Census Tract 809.06, Scott County, Minnesota",2140,2076,64
1400000US27139080907,"Census Tract 809.07, Scott County, Minnesota",1313,1271,42
1400000US27139080908,"Census Tract 809.08, Scott County, Minnesota",1933,1864,69
1400000US27139081001,"Census Tract 810.01, Scott County, Minnesota",1802,1762,40
1400000US27139081002,"Census Tract 810.02, Scott County, Minnesota",1261,1219,42
1400000US27139081101,"Census Tract 811.01, Scott County, Minnesota",1072,1038,34
1400000US27139081102,"Census Tract 811.02, Scott County, Minnesota",761,732,29
1400000US27139081103,"Census Tract 811.03, Scott County, Minnesota",2045,2018,27
1400000US27139081200,"Census Tract 812, Scott County, Minnesota",2504,2412,92
1400000US27139081301,"Census Tract 813.01, Scott County, Minnesota",1364,1241,123
1400000US27139081302,"Census Tract 813.02, Scott County, Minnesota",2143,2083,60
1400000US27141030103,"Census Tract 301.03, Sherburne County, Minnesota",1547,1482,65
1400000US27141030104,"Census Tract 301.04, Sherburne County, Minnesota",1372,1319,53
1400000US27141030105,"Census Tract 301.05, Sherburne County, Minnesota",1754,1696,58
1400000US27141030106,"Census Tract 301.06, Sherburne County, Minnesota",2657,2582,75
1400000US27141030201,"Census Tract 302.01, Sherburne County, Minnesota",1571,1525,46
1400000US27141030202,"Census Tract 302.02, Sherburne County, Minnesota",1378,1064,314
1400000US27141030301,"Census Tract 303.01, Sherburne County, Minnesota",1318,1141,177
1400000US27141030302,"Census Tract 303.02, Sherburne County, Minnesota",1330,1220,110
1400000US27141030405,"Census Tract 304.05, Sherburne County, Minnesota",1285,1231,54
1400000US27141030406,"Census Tract 304.06, Sherburne County, Minnesota",1951,1916,35
1400000US27141030407,"Census Tract 304.07, Sherburne County, Minnesota",1588,1525,63
1400000US27141030408,"Census Tract 304.08, Sherburne County, Minnesota",1842,1801,41
1400000US27141030409,"Census Tract 304.09, Sherburne County, Minnesota",2049,1948,101
1400000US27141030410,"Census Tract 304.10, Sherburne County, Minnesota",1991,1888,103
1400000US27141030503,"Census Tract 305.03, Sherburne County, Minnesota",2493,2346,147
1400000US27141030504,"Census Tract 305.04, Sherburne County, Minnesota",1849,1812,37
1400000US27141030505,"Census Tract 305.05, Sherburne County, Minnesota",2893,2796,97
1400000US27141030506,"Census Tract 305.06, Sherburne County, Minnesota",2029,1971,58
1400000US27141031500,"Census Tract 315, Sherburne County, Minnesota",3012,2772,240
1400000US27143170198,"Census Tract 1701.98, Sibley County, Minnesota",1791,1689,102
1400000US27143170200,"Census Tract 1702, Sibley County, Minnesota",1609,1450,159
1400000US27143170300,"Census Tract 1703, Sibley County, Minnesota",1420,1331,89
1400000US27143170400,"Census Tract 1704, Sibley County, Minnesota",1634,1519,115
1400000US27145000301,"Census Tract 3.01, Stearns County, Minnesota",1504,1405,99
1400000US27145000303,"Census Tract 3.03, Stearns County, Minnesota",859,722,137
1400000US27145000304,"Census Tract 3.04, Stearns County, Minnesota",1947,1803,144
1400000US27145000401,"Census Tract 4.01, Stearns County, Minnesota",2596,2503,93
1400000US27145000402,"Census Tract 4.02, Stearns County, Minnesota",2258,2192,66
1400000US27145000501,"Census Tract 5.01, Stearns County, Minnesota",1004,963,41
1400000US27145000502,"Census Tract 5.02, Stearns County, Minnesota",2702,2562,140
1400000US27145000601,"Census Tract 6.01, Stearns County, Minnesota",1474,1405,69
1400000US27145000602,"Census Tract 6.02, Stearns County, Minnesota",1250,1144,106
1400000US27145000701,"Census Tract 7.01, Stearns County, Minnesota",1271,1224,47
1400000US27145000801,"Census Tract 8.01, Stearns County, Minnesota",1646,1567,79
1400000US27145000901,"Census Tract 9.01, Stearns County, Minnesota",2409,2215,194
1400000US27145001002,"Census Tract 10.02, Stearns County, Minnesota",2872,2789,83
1400000US27145001003,"Census Tract 10.03, Stearns County, Minnesota",1614,1576,38
1400000US27145010101,"Census Tract 101.01, Stearns County, Minnesota",2741,2682,59
1400000US27145010103,"Census Tract 101.03, Stearns County, Minnesota",1866,1821,45
1400000US27145010104,"Census Tract 101.04, Stearns County, Minnesota",2446,2360,86
1400000US27145010200,"Census Tract 102, Stearns County, Minnesota",2266,2183,83
1400000US27145010401,"Census Tract 104.01, Stearns County, Minnesota",1584,1440,144
1400000US27145010402,"Census Tract 104.02, Stearns County, Minnesota",1665,1583,82
1400000US27145010403,"Census Tract 104.03, Stearns County, Minnesota",1269,1161,108
1400000US27145010500,"Census Tract 105, Stearns County, Minnesota",1594,1421,173
1400000US27145010600,"Census Tract 106, Stearns County, Minnesota",1596,1463,133
1400000US27145010900,"Census Tract 109, Stearns County, Minnesota",1602,1443,159
1400000US27145011000,"Census Tract 110, Stearns County, Minnesota",2029,1639,390
1400000US27145011101,"Census Tract 111.01, Stearns County, Minnesota",2136,1295,841
1400000US27145011102,"Census Tract 111.02, Stearns County, Minnesota",1504,1431,73
1400000US27145011201,"Census Tract 112.01, Stearns County, Minnesota",1389,1205,184
1400000US27145011202,"Census Tract 112.02, Stearns County, Minnesota",1503,1268,235
1400000US27145011302,"Census Tract 113.02, Stearns County, Minnesota",2956,2733,223
1400000US27145011305,"Census Tract 113.05, Stearns County, Minnesota",1006,808,198
1400000US27145011306,"Census Tract 113.06, Stearns County, Minnesota",1188,1058,130
1400000US27145011307,"Census Tract 113.07, Stearns County, Minnesota",284,259,25
1400000US27145011308,"Census Tract 113.08, Stearns County, Minnesota",2318,2194,124
1400000US27145011400,"Census Tract 114, Stearns County, Minnesota",2053,1988,65
1400000US27145011500,"Census Tract 115, Stearns County, Minnesota",2807,2582,225
1400000US27145011600,"Census Tract 116, Stearns County, Minnesota",476,361,115
1400000US27147960100,"Census Tract 9601, Steele County, Minnesota",1874,1786,88
1400000US27147960200,"Census Tract 9602, Steele County, Minnesota",2505,2427,78
1400000US27147960300,"Census Tract 9603, Steele County, Minnesota",2512,2432,80
1400000US27147960400,"Census Tract 9604, Steele County, Minnesota",2068,1925,143
1400000US27147960500,"Census Tract 9605, Steele County, Minnesota",1200,1077,123
1400000US27147960600,"Census Tract 9606, Steele County, Minnesota",1867,1683,184
1400000US27147960700,"Census Tract 9607, Steele County, Minnesota",2091,2023,68
1400000US27147960800,"Census Tract 9608, Steele County, Minnesota",1574,1470,104
1400000US27149480100,"Census Tract 4801, Stevens County, Minnesota",1124,959,165
1400000US27149480200,"Census Tract 4802, Stevens County, Minnesota",1666,1461,205
1400000US27149480300,"Census Tract 4803, Stevens County, Minnesota",1423,1277,146
1400000US27151960100,"Census Tract 9601, Swift County, Minnesota",1080,947,133
1400000US27151960200,"Census Tract 9602, Swift County, Minnesota",1660,1523,137
1400000US27151960300,"Census Tract 9603, Swift County, Minnesota",716,641,75
1400000US27151960400,"Census Tract 9604, Swift County, Minnesota",1237,953,284
1400000US27153790100,"Census Tract 7901, Todd County, Minnesota",1628,1399,229
1400000US27153790200,"Census Tract 7902, Todd County, Minnesota",1105,980,125
1400000US27153790300,"Census Tract 7903, Todd County, Minnesota",1375,1223,152
1400000US27153790400,"Census Tract 7904, Todd County, Minnesota",1838,1414,424
1400000US27153790500,"Census Tract 7905, Todd County, Minnesota",1489,1014,475
1400000US27153790600,"Census Tract 7906, Todd County, Minnesota",1637,1530,107
1400000US27153790700,"Census Tract 7907, Todd County, Minnesota",2331,1539,792
1400000US27153790800,"Census Tract 7908, Todd County, Minnesota",1367,799,568
1400000US27155460100,"Census Tract 4601, Traverse County, Minnesota",1072,913,159
1400000US27155460200,"Census Tract 4602, Traverse County, Minnesota",805,526,279
1400000US27157490100,"Census Tract 4901, Wabasha County, Minnesota",1484,1285,199
1400000US27157490200,"Census Tract 4902, Wabasha County, Minnesota",1810,1399,411
1400000US27157490300,"Census Tract 4903, Wabasha County, Minnesota",2109,1858,251
1400000US27157490400,"Census Tract 4904, Wabasha County, Minnesota",1892,1739,153
1400000US27157490500,"Census Tract 4905, Wabasha County, Minnesota",1384,1276,108
1400000US27157490600,"Census Tract 4906, Wabasha County, Minnesota",1479,1366,113
1400000US27159480100,"Census Tract 4801, Wadena County, Minnesota",1871,1371,500
1400000US27159480200,"Census Tract 4802, Wadena County, Minnesota",2617,2230,387
1400000US27159480300,"Census Tract 4803, Wadena County, Minnesota",2451,2214,237
1400000US27161790100,"Census Tract 7901, Waseca County, Minnesota",1484,1363,121
1400000US27161790200,"Census Tract 7902, Waseca County, Minnesota",1157,1051,106
1400000US27161790300,"Census Tract 7903, Waseca County, Minnesota",1257,1186,71
1400000US27161790400,"Census Tract 7904, Waseca County, Minnesota",2442,2325,117
1400000US27161790500,"Census Tract 7905, Waseca County, Minnesota",1555,1462,93
1400000US27163070103,"Census Tract 701.03, Washington County, Minnesota",2665,2541,124
1400000US27163070104,"Census Tract 701.04, Washington County, Minnesota",1286,1234,52
1400000US27163070105,"Census Tract 701.05, Washington County, Minnesota",1693,1588,105
1400000US27163070107,"Census Tract 701.07, Washington County, Minnesota",1470,1385,85
1400000US27163070108,"Census Tract 701.08, Washington County, Minnesota",1455,1383,72
1400000US27163070204,"Census Tract 702.04, Washington County, Minnesota",2615,2518,97
1400000US27163070205,"Census Tract 702.05, Washington County, Minnesota",1717,1559,158
1400000US27163070206,"Census Tract 702.06, Washington County, Minnesota",1606,1347,259
1400000US27163070207,"Census Tract 702.07, Washington County, Minnesota",2069,2001,68
1400000US27163070208,"Census Tract 702.08, Washington County, Minnesota",1464,1420,44
1400000US27163070301,"Census Tract 703.01, Washington County, Minnesota",654,613,41
1400000US27163070303,"Census Tract 703.03, Washington County, Minnesota",1933,1856,77
1400000US27163070304,"Census Tract 703.04, Washington County, Minnesota",2167,2061,106
1400000US27163070403,"Census Tract 704.03, Washington County, Minnesota",1447,1382,65
1400000US27163070404,"Census Tract 704.04, Washington County, Minnesota",1571,1523,48
1400000US27163070405,"Census Tract 704.05, Washington County, Minnesota",1865,1748,117
1400000US27163070406,"Census Tract 704.06, Washington County, Minnesota",2460,2256,204
1400000US27163070501,"Census Tract 705.01, Washington County, Minnesota",1501,1389,112
1400000US27163070502,"Census Tract 705.02, Washington County, Minnesota",1998,1817,181
1400000US27163070602,"Census Tract 706.02, Washington County, Minnesota",1268,1210,58
1400000US27163070603,"Census Tract 706.03, Washington County, Minnesota",1102,1057,45
1400000US27163070604,"Census Tract 706.04, Washington County, Minnesota",1510,1472,38
1400000US27163070703,"Census Tract 707.03, Washington County, Minnesota",1604,1491,113
1400000US27163070704,"Census Tract 707.04, Washington County, Minnesota",1095,1041,54
1400000US27163070705,"Census Tract 707.05, Washington County, Minnesota",1363,1324,39
1400000US27163070706,"Census Tract 707.06, Washington County, Minnesota",1564,1488,76
1400000US27163070801,"Census Tract 708.01, Washington County, Minnesota",1,1,0
1400000US27163070802,"Census Tract 708.02, Washington County, Minnesota",1,1,0
1400000US27163070906,"Census Tract 709.06, Washington County, Minnesota",2031,1986,45
1400000US27163070907,"Census Tract 709.07, Washington County, Minnesota",2323,2256,67
1400000US27163070909,"Census Tract 709.09, Washington County, Minnesota",2085,2047,38
1400000US27163070910,"Census Tract 709.10, Washington County, Minnesota",2133,2052,81
1400000US27163070911,"Census Tract 709.11, Washington County, Minnesota",2013,1959,54
1400000US27163070912,"Census Tract 709.12, Washington County, Minnesota",1370,1308,62
1400000US27163071001,"Census Tract 710.01, Washington County, Minnesota",2206,2130,76
1400000US27163071003,"Census Tract 710.03, Washington County, Minnesota",1546,1473,73
1400000US27163071006,"Census Tract 710.06, Washington County, Minnesota",2060,2008,52
1400000US27163071010,"Census Tract 710.10, Washington County, Minnesota",1990,1937,53
1400000US27163071011,"Census Tract 710.11, Washington County, Minnesota",1018,1006,12
1400000US27163071012,"Census Tract 710.12, Washington County, Minnesota",2312,2244,68
1400000US27163071013,"Census Tract 710.13, Washington County, Minnesota",2015,1965,50
1400000US27163071014,"Census Tract 710.14, Washington County, Minnesota",1416,1394,22
1400000US27163071016,"Census Tract 710.16, Washington County, Minnesota",1484,1452,32
1400000US27163071019,"Census Tract 710.19, Washington County, Minnesota",4430,4181,249
1400000US27163071020,"Census Tract 710.20, Washington County, Minnesota",1448,1412,36
1400000US27163071021,"Census Tract 710.21, Washington County, Minnesota",2227,2020,207
1400000US27163071022,"Census Tract 710.22, Washington County, Minnesota",1252,1229,23
1400000US27163071023,"Census Tract 710.23, Washington County, Minnesota",1876,1804,72
1400000US27163071024,"Census Tract 710.24, Washington County, Minnesota",888,871,17
1400000US27163071025,"Census Tract 710.25, Washington County, Minnesota",1682,1637,45
1400000US27163071101,"Census Tract 711.01, Washington County, Minnesota",1525,1428,97
1400000US27163071102,"Census Tract 711.02, Washington County, Minnesota",1873,1756,117
1400000US27163071207,"Census Tract 712.07, Washington County, Minnesota",2845,2793,52
1400000US27163071208,"Census Tract 712.08, Washington County, Minnesota",1883,1854,29
1400000US27163071209,"Census Tract 712.09, Washington County, Minnesota",1928,1907,21
1400000US27163071210,"Census Tract 712.10, Washington County, Minnesota",2059,2018,41
1400000US27163071211,"Census Tract 712.11, Washington County, Minnesota",1706,1638,68
1400000US27163071300,"Census Tract 713, Washington County, Minnesota",2093,2028,65
1400000US27163071400,"Census Tract 714, Washington County, Minnesota",3153,3008,145
1400000US27165950100,"Census Tract 9501, Watonwan County, Minnesota",1536,1408,128
1400000US27165950200,"Census Tract 9502, Watonwan County, Minnesota",2026,1903,123
1400000US27165950300,"Census Tract 9503, Watonwan County, Minnesota",1312,1165,147
1400000US27167950100,"Census Tract 9501, Wilkin County, Minnesota",1295,1172,123
1400000US27167950200,"Census Tract 9502, Wilkin County, Minnesota",1677,1563,114
1400000US27169670101,"Census Tract 6701.01, Winona County, Minnesota",1848,1721,127
1400000US27169670102,"Census Tract 6701.02, Winona County, Minnesota",1271,1194,77
1400000US27169670200,"Census Tract 6702, Winona County, Minnesota",1654,1526,128
1400000US27169670301,"Census Tract 6703.01, Winona County, Minnesota",1166,1112,54
1400000US27169670302,"Census Tract 6703.02, Winona County, Minnesota",1096,1038,58
1400000US27169670400,"Census Tract 6704, Winona County, Minnesota",2028,1879,149
1400000US27169670500,"Census Tract 6705, Winona County, Minnesota",2215,1931,284
1400000US27169670600,"Census Tract 6706, Winona County, Minnesota",1780,1633,147
1400000US27169670700,"Census Tract 6707, Winona County, Minnesota",1915,1766,149
1400000US27169670801,"Census Tract 6708.01, Winona County, Minnesota",1015,922,93
1400000US27169670802,"Census Tract 6708.02, Winona County, Minnesota",2236,2098,138
1400000US27169670900,"Census Tract 6709, Winona County, Minnesota",1425,1345,80
1400000US27169671000,"Census Tract 6710, Winona County, Minnesota",2067,1946,121
1400000US27171100101,"Census Tract 1001.01, Wright County, Minnesota",3302,3097,205
1400000US27171100102,"Census Tract 1001.02, Wright County, Minnesota",3307,3202,105
1400000US27171100202,"Census Tract 1002.02, Wright County, Minnesota",563,541,22
1400000US27171100203,"Census Tract 1002.03, Wright County, Minnesota",2392,2309,83
1400000US27171100205,"Census Tract 1002.05, Wright County, Minnesota",1718,1654,64
1400000US27171100206,"Census Tract 1002.06, Wright County, Minnesota",2181,2125,56
1400000US27171100300,"Census Tract 1003, Wright County, Minnesota",2491,2227,264
1400000US27171100401,"Census Tract 1004.01, Wright County, Minnesota",1140,747,393
1400000US27171100402,"Census Tract 1004.02, Wright County, Minnesota",1850,1438,412
1400000US27171100500,"Census Tract 1005, Wright County, Minnesota",2662,1802,860
1400000US27171100701,"Census Tract 1007.01, Wright County, Minnesota",2645,2541,104
1400000US27171100704,"Census Tract 1007.04, Wright County, Minnesota",1869,1819,50
1400000US27171100705,"Census Tract 1007.05, Wright County, Minnesota",1303,1243,60
1400000US27171100706,"Census Tract 1007.06, Wright County, Minnesota",1934,1868,66
1400000US27171100707,"Census Tract 1007.07, Wright County, Minnesota",1461,1295,166
1400000US27171100803,"Census Tract 1008.03, Wright County, Minnesota",2188,2133,55
1400000US27171100804,"Census Tract 1008.04, Wright County, Minnesota",2522,2469,53
1400000US27171100805,"Census Tract 1008.05, Wright County, Minnesota",2544,2460,84
1400000US27171100806,"Census Tract 1008.06, Wright County, Minnesota",1406,1298,108
1400000US27171100807,"Census Tract 1008.07, Wright County, Minnesota",1696,1660,36
1400000US27171100900,"Census Tract 1009, Wright County, Minnesota",2899,2799,100
1400000US27171101001,"Census Tract 1010.01, Wright County, Minnesota",1657,1596,61
1400000US27171101002,"Census Tract 1010.02, Wright County, Minnesota",1796,1717,79
1400000US27171101101,"Census Tract 1011.01, Wright County, Minnesota",2728,2570,158
1400000US27171101102,"Census Tract 1011.02, Wright County, Minnesota",562,528,34
1400000US27171101200,"Census Tract 1012, Wright County, Minnesota",1752,1612,140
1400000US27171101300,"Census Tract 1013, Wright County, Minnesota",1899,1759,140
1400000US27173970100,"Census Tract 9701, Yellow Medicine County, Minnesota",1418,1289,129
1400000US27173970200,"Census Tract 9702, Yellow Medicine County, Minnesota",1170,1032,138
1400000US27173970300,"Census Tract 9703, Yellow Medicine County, Minnesota",1101,961,140
1400000US27173970400,"Census Tract 9704, Yellow Medicine County, Minnesota",824,758,66